0.0, 1e-15
0.3870320855614973, 1e-15
0.7232620320855615, 1e-15
1.0, 1e-15
1.5233957219251337, 1e-15
5.204545454545454, 1e-15
9.582219251336898, 1e-15

5.912224064913566e-10, 3.838602325822562e-13
0.38694864172753607, 0.008041117855316006
0.7232381377061848, 0.005882198845181285
0.9999875003616391, 0.005002340090583161
1.5233903364522616, 0.004051925079788281
5.204544993256748, 0.0021997630790161512
9.582219114575512, 0.0016288322463704566

2.3648787181129073e-09, 3.0647341686357612e-12
0.38669834729579405, 0.01607869900668971
0.7231664561940869, 0.011764001234389974
0.9999500017683625, 0.010004552623409812
1.5233741800728167, 0.008103820933780636
5.204543609390721, 0.004399525760090684
9.582218704291355, 0.0032576644456982157

5.320936214658106e-09, 1.0341305708318483e-11
0.3862813120112983, 0.024109277671436634
0.7230469923637949, 0.01764501851267525
0.9998875051730256, 0.015006512545158026
1.5233472529027747, 0.012155658909470743
5.204541302947623, 0.006599287653089522
9.582218020484438, 0.004886496551864964

9.45934037314484e-09, 2.451060465756684e-11
0.3856977177605392, 0.03212939114736369
0.7228797541968929, 0.02352486207796963
0.999800012155331, 0.020008094808929292
1.5233095551344151, 0.016207410354765767
5.204538073927878, 0.008799048367877748
9.582217063154786, 0.006515328518751391

1.4780014883273308e-08, 4.786868326597422e-11
0.3849478184868343, 0.04013558132074379
0.7226647528414556, 0.029403143407010193
0.999687524921787, 0.02500917437739868
1.5232610870363126, 0.020259046618190547
5.20453392233207, 0.01099880751432066
9.582215832302433, 0.00814416030023819

2.1282861668732457e-08, 8.27102931772778e-11
0.38403194007391517, 0.048124396171888045
0.7224020026112672, 0.03527947408125237
0.9995500463056488, 0.030009626225963853
1.5232018489533417, 0.0243105390490908
5.204528848160956, 0.013198564702283849
9.582214327927407, 0.009772991850206062

2.8967760914342693e-08, 1.3132856291003615e-10
0.38295048019781663, 0.0560923912776364
0.7220915209848238, 0.04115346581277578
0.9993875797668409, 0.0350093253458936
1.5231318413066688, 0.02836185899783625
5.204522851415459, 0.015398319541633265
9.58221255002976, 0.01140182312253571

3.783457109902011e-08, 1.9601467598567002e-10
0.38170390814715, 0.06403613131008865
0.7217333286041243, 0.04702473047018009
0.9992001293918686, 0.04000814674747612
1.5230510645937525, 0.03241297781602389
5.2045159320966725, 0.017598071642235338
9.582210498609545, 0.01303065407110785

4.788312903454466e-08, 2.7905754982057084e-10
0.38029276461186823, 0.07195219153090106
0.7213274492732494, 0.05289288010446914
0.9989876998937081, 0.04500596546316667
1.5229595193883374, 0.03646386685668097
5.2045080902058425, 0.01979782061395696
9.582208173666826, 0.014659484649803184

5.911324991011277e-08, 3.827435154984533e-10
0.3787176614406385, 0.07983715928047654
0.7208739099567218, 0.05875752697492183
0.998750296611684, 0.05000265655073474
1.5228572063404513, 0.04051449747446834
5.204499325744395, 0.02199756606666562
9.582205575201678, 0.01628831481250244

7.152472734265182e-08, 5.093559985385493e-10
0.3769792813669538, 0.08768763546138052
0.7203727407776606, 0.06461828357494742
0.9984879255113294, 0.05499809509641062
1.5227441261764, 0.04456484102588354
5.204489638713926, 0.02419730761022948
9.582202703214184, 0.017917144513086358

8.511733343287157e-08, 6.611752007745979e-10
0.37507837770413344, 0.0955002360153176
0.7198239750157156, 0.07047476265792406
0.9982005931842297, 0.05999215621803114
1.522620279698762, 0.04861486886946387
5.204479029116183, 0.02639704485451742
9.582199557704422, 0.019545973705435673

9.989081882702609e-08, 8.404777834588927e-10
0.3730157740093715, 0.10327159339300904
0.7192276491047929, 0.07632657726301827
0.9978883068478503, 0.06498471506818473
1.5224856677863807, 0.05266455236598961
5.204467496953094, 0.028596777409399123
9.582196138672497, 0.021174802343431148

1.1584491278435512e-07, 1.0495365517048995e-09
0.3707923637170086, 0.11099835801631504
0.7185838026305676, 0.08217334074098381
0.9975510743453495, 0.0699756468373557
1.5223402913943618, 0.056713862878687064
5.204455042226753, 0.03079650488474515
9.58219244611851, 0.022803630380953552

1.3297932325017457e-07, 1.2906201403811566e-09
0.36840910974121815, 0.11867719973195136
0.7178924783277827, 0.08801466677993829
0.9971889041453724, 0.07496482675706734
1.5221841515540626, 0.060762771773431715
5.204441664939413, 0.032996226890427
9.582188480042577, 0.024432457771883662

1.5129373693458045e-07, 1.5659927015683048e-09
0.3658670440483124, 0.12630480925615406
0.7171537220773354, 0.09385016943111525
0.9968018053418315, 0.07995213010302434
1.5220172493730866, 0.06481125041895125
5.204427365093503, 0.03519594303631722
9.582184240444823, 0.026061284470102267

1.7078781939673e-07, 1.8779135936902e-09
0.3631672671988806, 0.1338778996096523
0.7163675829031522, 0.09967946313459064
0.9963897876536714, 0.0849374321982536
1.521839586035273, 0.0688592701870287
5.204412142691615, 0.03739565293228944
9.582179727325379, 0.0276901104294902

1.9146121513466062e-07, 2.2286370724290893e-09
0.36031094785999834, 0.1413932075423146
0.7155341129688536, 0.10550216274498116
0.9959528614246139, 0.08992060841624472
1.521651162800691, 0.0729068024527055
5.204395997736506, 0.03959535618821846
9.582174940684382, 0.029318935603928245

2.1331354768060661e-07, 2.6204119835338336e-09
0.3572993222877456, 0.1488474949468405
0.7146533675742038, 0.11131788355711313
0.9954910376228923, 0.09490153418408824
1.5214519810056266, 0.07695381859448426
5.204378930231106, 0.04179505241398029
9.582169880521983, 0.030947759947297288

2.3634441970176762e-07, 3.055481457629092e-09
0.35413369378029746, 0.1562375502608744
0.7137254051513525, 0.11712624133166014
0.9950043278409646, 0.09988008498561333
1.5212420420625776, 0.08100028999453227
5.204360940178502, 0.04399474121945228
9.582164546838328, 0.032576583413478195

2.605534131064857e-07, 3.536082607132278e-09
0.3508154321018562, 0.16356018985692733
0.7127502872608646, 0.12292685232074735
0.9944927442952148, 0.10485613636452377
1.5210213474602383, 0.08504618803888411
5.204342027581959, 0.0461944222145132
9.582158939633597, 0.03420540595635184

2.8594008915578115e-07, 4.0644462253839545e-09
0.3473459728777095, 0.17081225941949768
0.7117280785875373, 0.128719333293521
0.9939562998256346, 0.1098295639275325
1.5207898987634907, 0.08909148411764485
5.2043221924449, 0.04839409500904314
9.582153058907956, 0.035834227529799104

3.125039885801974e-07, 4.642796488096105e-09
0.34372681696071333, 0.17799063530878886
0.7106588469360116, 0.13450330156168155
0.9933950078954933, 0.11480024334749446
1.5205476976133938, 0.09313614962519275
5.204301434770923, 0.05059375921292388
9.582146904661586, 0.03746304808770094

3.4024463170190317e-07, 5.2733506572215345e-09
0.3399595297695085, 0.18509222591043095
0.7095426632261683, 0.14027837500497767
0.9928088825909868, 0.11976805036653827
1.52029474572717, 0.09718015596038235
5.204279754563791, 0.05279341443603874
9.58214047689468, 0.039091867583938296

3.69161518561997e-07, 5.9583187873462776e-09
0.3360457405987919, 0.19211397297061986
0.7083796014883187, 0.1460441720966605
0.9921979386208759, 0.12473286079919542
1.5200310448981935, 0.10122347452674757
5.204257151827426, 0.05499306028827268
9.582133775607433, 0.04072068597239213

3.992541290529575e-07, 6.699903434705623e-09
0.331987141901981, 0.19905285291609495
0.7071697388581828, 0.15180031192889626
0.9915621913161048, 0.12969455053552853
1.5197565969959763, 0.10526607673270415
5.204233626565924, 0.05719269637951253
9.582126800800053, 0.04234950320694347

4.305219230561825e-07, 7.500299368922999e-09
0.3277854885466125, 0.20590587815838657
0.7059131555716615, 0.15754641423813423
0.9909016566294044, 0.1346529955442568
1.5194714039661548, 0.10930793399175293
5.204209178783553, 0.05939232231964682
9.58211955247276, 0.04397831924147331

4.629643405845528e-07, 8.361693287569451e-09
0.3234425970428375, 0.21267009838177062
0.7046099349593968, 0.16328209943042996
0.9902163511348822, 0.13960807187588045
1.519175467830475, 0.11334901772268226
5.204183808484735, 0.061591937718566
9.582112030625769, 0.04560713402986269

4.965808019299638e-07, 9.28626353364018e-09
0.3189603447453815, 0.21934260181437856
0.7032601634411296, 0.16900698860672145
0.9895062920275924, 0.1445596556658022
1.5188687906867793, 0.11738929934977116
5.204157515674066, 0.0637915421861625
9.582104235259315, 0.04723594752599273

5.313707078157557e-07, 1.0276179816042839e-08
0.3143406690293492, 0.22592051648191802
0.7018639305198427, 0.17472070358805553
0.9887714971230951, 0.14950762313744773
1.5185513747089896, 0.12142875030299186
5.204130300356311, 0.06599113533233082
9.582096166373645, 0.048864759683744464

5.67333439553977e-07, 1.133360293319106e-08
0.30958556644026664, 0.23240101144346856
0.7004213287757021, 0.18042286694076404
0.9880119848569938, 0.1544518506053827
1.5182232221470906, 0.12546734201821255
5.2041021625364, 0.0681907167669675
9.582087823969001, 0.050493570456999086

6.044683592074177e-07, 1.246068449979491e-08
0.30469709181876536, 0.23878129800883022
0.6989324538597895, 0.1861131020015881
0.9872277742844621, 0.1593922144784284
1.5178843353271152, 0.1295050459374001
5.204073102219431, 0.0703902860999714
9.582079208045647, 0.05212237979963775

6.427748097563368e-07, 1.3659566676938382e-08
0.2996773574003173, 0.2450586309369047
0.6973974044876264, 0.1917910329027469
0.9864188850797518, 0.16432859126277424
1.5175347166511255, 0.13354183350882273
5.204043119410671, 0.07258984294124353
9.582070318603842, 0.05375118766554166

6.822521152698126e-07, 1.493238190553256e-08
0.29452853189044825, 0.2512303096146072
0.6958162824324968, 0.19745628459695233
0.9855853375356886, 0.16926085756508863
1.517174368597198, 0.1375776761872528
5.204012214115549, 0.0747893869006872
9.582061155643867, 0.05537999400859201

7.228995810816501e-07, 1.6281252643231205e-08
0.2892528395158615, 0.25729367921580926
0.6941891925185616, 0.20310848288236424
0.9847271525631461, 0.17418889009562694
1.5168032937194014, 0.14161254543416865
5.20398038633966, 0.07698891758820825
9.582051719166, 0.05700879878267015

7.647164939707631e-07, 1.7708291104894008e-08
0.28385255905191525, 0.2632461318398304
0.6925162426137681, 0.20874725442748807
0.9838443516905103, 0.17911256567133677
1.5164214946477825, 0.1456464127179581
5.203947636088773, 0.07918843461371489
9.582042009170536, 0.05863760194165732

8.077021223459528e-07, 1.921559900668091e-08
0.27833002282690555, 0.26908510762899995
0.6907975436225557, 0.21437222679600995
0.9829369570631245, 0.1840317612189599
1.5160289740883446, 0.14967924951412068
5.2039139633688185, 0.08138793758711795
9.582032025657771, 0.06026640343943484

8.518557164350131e-07, 2.080526731385907e-08
0.27268761570361955, 0.27480809586482297
0.6890332094783588, 0.21998302847157078
0.9820049914427216, 0.18894635377813326
1.5156257348230224, 0.1537110273054695
5.203879368185893, 0.08358742611833081
9.582021768628021, 0.06189520322988413

8.9717650847808e-07, 2.247937599240258e-08
0.26692777403862694, 0.2804126360423023
0.6872233571359035, 0.225579288882474
0.9810484782068367, 0.19385622050448487
1.515211779709675, 0.15774171758233427
5.2038438505462645, 0.08578689981726963
9.582011238081591, 0.06352400126688658

9.436637129251381e-07, 2.4239993764462778e-08
0.2610529846197923, 0.2858963189219644
0.6853681065633072, 0.23116063842632925
0.9800674413482078, 0.1987612386727285
1.5147871116820517, 0.16177129184276334
5.203807410456364, 0.08798635829385336
9.582000434018818, 0.06515279750432361

9.91316526637608e-07, 2.6089177867785522e-08
0.2550657835824936, 0.2912567875591622
0.6834675807339686, 0.23672670849462663
0.9790619054741596, 0.2036612856797539
1.5143517337497765, 0.16579972159272632
5.203770047922792, 0.09018580115800365
9.581989356440028, 0.06678159189607676

1.0401341290939313e-06, 2.8028973819149774e-08
0.24896875530504692, 0.29649173831023223
0.6815219056182634, 0.24227713149724273
0.9780318958059717, 0.20855623904771528
1.5139056489983274, 0.16982697834631594
5.203731762952316, 0.09238522801964522
9.58197800534556, 0.06841038439602753

1.090115682599061e-06, 3.0061415181900044e-08
0.242764531283837, 0.3015989218150945
0.6795312101750323, 0.2478115408868748
0.9769774381782295, 0.2134459764271157
1.5134488605890097, 0.17385303362595061
5.2036925555518705, 0.09458463848870567
9.58196638073577, 0.07003917495805762

1.1412603324977806e-06, 3.218852333764312e-08
0.23645578898867117, 0.3065761439558981
0.6774956263428757, 0.2533295711834028
0.9758985590381642, 0.21833037559988808
1.5129813717589367, 0.17787785896257635
5.203652425728557, 0.09678403217511573
9.581954482611026, 0.07166796353604848

1.1935672073917532e-06, 3.441230726217791e-08
0.2300452506988715, 0.3114212667913223
0.6754152890312441, 0.25883085799817657
0.9747952854449718, 0.22320931448247341
1.5125031858210025, 0.18190142589586897
5.2036113734896405, 0.09898340868880925
9.581942310971675, 0.07329675008388191

1.2470354193602217e-06, 3.673476330572506e-08
0.22353568232063384, 0.31613220946616205
0.6732903361113295, 0.2643150380582271
0.9736676450691205, 0.22808267112889505
1.5120143061638625, 0.18592370597443594
5.203569398842556, 0.1011827676397233
9.581929865818106, 0.07492553455543956

1.3016640641842602e-06, 3.915787497752109e-08
0.2169298921861868, 0.3207069490958279
0.671120908406761, 0.2697817492304005
0.9725156661916412, 0.23295032373382976
1.5115147362519041, 0.18994467075601895
5.203526501794912, 0.10338210863779815
9.581917147150698, 0.07655431690460313

1.357452221574496e-06, 4.168361273483978e-08
0.21023072983529006, 0.3251435216254141
0.6689071496841011, 0.27523063054541136
0.9713393777034012, 0.23781215063567512
1.511004479625224, 0.193964291807695
5.20348268235447, 0.1055814312929775
9.581904154969845, 0.07818309708525453

1.414398955402201e-06, 4.431393377650167e-08
0.20344108477961828, 0.3294400226629899
0.6666492066431455, 0.28066132222181744
0.9701388091043671, 0.24266803031961262
1.510483539899603, 0.19798254070607912
5.203437940529167, 0.10778073521520855
9.581890889275952, 0.07981187505127553

1.4725033139336617e-06, 4.705078184093023e-08
0.1965638852505832, 0.33359460828678955
0.6643472289070269, 0.28607346568991004
0.9689139905028457, 0.24751784142066796
1.509951920766477, 0.20199938903752543
5.203392276327106, 0.10998002001444182
9.581877350069423, 0.08144065075654805

1.5317643300677322e-06, 4.989608700881186e-08
0.18960209693115135, 0.337605495825981
0.6620013690121207, 0.2914667036155197
0.9676649526147156, 0.25236146272676646
1.5094096259929124, 0.20601480839832925
5.203345689756554, 0.11217928530063154
9.581863537350678, 0.08306942415495405

1.5921810215764824e-06, 5.285176551041393e-08
0.18255872167222, 0.3414709646147135
0.6596117823977626, 0.2968406799237384
0.9663917267626395, 0.25719877318178563
1.5088566594215775, 0.21002877039492887
5.203298180825951, 0.11437853068373559
9.581849451120144, 0.0846981952003756

1.653752391348831e-06, 5.5919719537613724e-08
0.17543679619412214, 0.34518935671914924
0.6571786273957634, 0.30219503982255197
0.9650943448752622, 0.26202965188860244
1.508293024970716, 0.21404124664410687
5.203249749543891, 0.11657775577371551
9.58183509137826, 0.08632696384669471

1.716477427637081e-06, 5.910183706068887e-08
0.16823939077383068, 0.3487590776372009
0.6547020652197374, 0.3075294298263853
0.9637728394863946, 0.2668539781121376
1.507718726634117, 0.21805220877319184
5.2032003959191595, 0.1187769601805366
9.581820458125462, 0.0879557300477935

1.7803551043062476e-06, 6.239999164991791e-08
0.16096960791844211, 0.35217859697070714
0.6521822599542351, 0.31284349777955583
0.9624272437341811, 0.2716716312823944
1.5071337684810862, 0.22206162842025992
5.203150119960682, 0.12097614351416822
9.581805551362208, 0.08958449375755406

1.8453843810860898e-06, 6.581604230203736e-08
0.1536305810255215, 0.3554464490697945
0.6496193785436851, 0.31813689287963587
0.9610575913602508, 0.2764824909974948
1.5065381546564174, 0.22606947723433599
5.203098921677569, 0.12317530538458345
9.581790371088955, 0.09121325492985875

1.9115642038257376e-06, 6.935183327159909e-08
0.14622547303089495, 0.3585612336491767
0.6470135907811446, 0.3234092657007199
0.9596639167088575, 0.28128643702671013
1.5059318893803624, 0.2300757268755951
5.203046801079089, 0.12537444540175943
9.581774917306168, 0.09284201351858978

1.9788935047508227e-06, 7.300919390727135e-08
0.13875747504447927, 0.3615216163761709
0.64436506929686, 0.32866026821659833
0.9582462547259989, 0.2860833493134867
1.505314976948599, 0.23408034901556374
5.202993758174677, 0.12757356317567745
9.581759190014333, 0.09447076947762952

2.0473712027230028e-06, 7.678993849312289e-08
0.13122980497474432, 0.36432632943020377
0.6416739895466401, 0.33388955382383245
0.9568046409585244, 0.290873107978469
1.5046874217322006, 0.23808331533732097
5.202939792973946, 0.12977265831632293
9.581743189213926, 0.09609952276086034

2.1169962035017884e-06, 8.069586609492811e-08
0.12364570614240279, 0.36697417203361177
0.6389405298000369, 0.33909677736473304
0.9553391115532269, 0.29565559332251573
1.5040492281776052, 0.24208459753569966
5.20288490548666, 0.1319717304336857
9.581726914905442, 0.09772827332216474

2.187767400008567e-06, 8.472876041152957e-08
0.11600844588392992, 0.3694640109535364
0.6361648711283442, 0.34428159515023793
0.9538497032559191, 0.30043068582971383
1.5034004008065818, 0.24608416731748708
5.202829095722763, 0.1341707791377595
9.581710367089386, 0.09935702111542521

2.259683672592708e-06, 8.889038963129223e-08
0.10832131414551346, 0.3717947809747384
0.6333471973924035, 0.34944366498268736
0.9523364534104958, 0.3051982661703846
1.5027409442161985, 0.2500819964016263
5.202772363692359, 0.13636980403854276
9.581693545766269, 0.10098576609452438

2.332743889299682e-06, 9.318250629367953e-08
0.10058762206804123, 0.3739654853431635
0.6304876952302293, 0.3545826461784982
0.9507993999579779, 0.30995821520408806
1.5020708630787887, 0.2540780565194171
5.202714709405719, 0.1385688047460383
9.581676450936612, 0.10261450821334482

2.4069469061410376e-06, 9.760684715598294e-08
0.09281070056373261, 0.3759751961801053
0.6275865540444474, 0.35969819959073257
0.9492385814355462, 0.31471041398262
1.5013901621419186, 0.2580723194147158
5.202656132873285, 0.14076778087025332
9.581659082600963, 0.10424324742576926

2.4822915673661905e-06, 1.0216513306523118e-07
0.08499389888502391, 0.3778230548668204
0.624643965989549, 0.3647899876315607
0.9476540369755555, 0.3194547437530062
1.5006988462283521, 0.26206475684413727
5.202596634105663, 0.14296673202119983
9.581641440759814, 0.1058719836856805

2.5587767057358748e-06, 1.0685906883530478e-07
0.07714058318631825, 0.379508272399472
0.6216601259589616, 0.36985767429461586
0.9460458063045374, 0.3241910859604886
1.4999969202360142, 0.2660553405772549
5.202536213113624, 0.14516565780889448
9.581623525413727, 0.10750071694696138

2.6364011427971766e-06, 1.1169034312927993e-07
0.06925413507921357, 0.3810301297142804
0.6186352315719392, 0.37490092517724133
0.9444139297421854, 0.3289193222515098
1.4992843891379606, 0.2700440423968004
5.202474869908108, 0.1473645578433586
9.58160533656326, 0.10912944716349482

2.7151636891600432e-06, 1.1666062834702213e-07
0.061337950181821296, 0.3823879779827767
0.61556948316027, 0.3799194075026254
0.9427584482003262, 0.33363933447668875
1.498561257982334, 0.2740308340988654
5.202412604500228, 0.1495634317346183
9.581586874208977, 0.11075817428916379

2.795063144775148e-06, 1.2177158051804898e-07
0.05339543666279135, 0.38358123887707113
0.612463083754805, 0.3849127901418261
0.941079403181876, 0.3383510046937941
1.4978275318923335, 0.2780156874931014
5.20234941690125, 0.1517622790927046
9.581568138351447, 0.11238689827785138

2.876098299213034e-06, 1.2702483919967959e-07
0.04543001378065876, 0.3846094048050535
0.6093162390718064, 0.38988074363568215
0.9393768367797823, 0.343054215170711
1.4970832160661771, 0.2819985744029192
5.202285307122623, 0.15396109952765358
9.581549128991245, 0.11401561908344066

2.9582679319443985e-06, 1.3242202738048472e-07
0.037445110419127584, 0.38547203911545913
0.6061291574991178, 0.39482294021660713
0.9376507916759503, 0.3477488483884016
1.4963283157770624, 0.28597946666569
5.202220275175952, 0.15615989264950628
9.581529846128953, 0.11564433665981484

3.0415708126214484e-06, 1.3796475138905131e-07
0.02944416361890839, 0.38616877627274643
0.6029020500821585, 0.3997390538302698
0.9359013111401534, 0.35243478704386094
1.4955628363731286, 0.2899583361329453
5.202154321073011, 0.15835865806830893
9.581510289765186, 0.11727305096085723

3.1260057013601885e-06, 1.436546008080721e-07
0.021430617106725502, 0.386699322001745
0.5996351305097405, 0.40462876015715554
0.934128439028931, 0.3571119140530672
1.4947867832774182, 0.2939351546705764
5.202087444825741, 0.16055739539411285
9.581490459900524, 0.11890176194045116

3.2115713490235615e-06, 1.4949314839376808e-07
0.013407919822109761, 0.387063453402043
0.5963286150997098, 0.40949173663400956
0.932332219784472, 0.36178011255392556
1.4940001619878398, 0.2979098941590344
5.202019646446252, 0.16275610423697454
9.581470356535586, 0.12053046955248002

3.2982664975053227e-06, 1.5548195000065242e-07
0.005379524442592112, 0.387261019032095
0.5929827227844147, 0.41432766247515684
0.9305126984334764, 0.3664392659092073
1.493202978077125, 0.30188252649352987
5.201950925946822, 0.16495478420695614
9.581449979670996, 0.12215917375082733

3.3860898800145527e-06, 1.6162254451163816e-07
-0.0026511140920872397, 0.38729193896304787
0.5895976750960001, 0.4191362186937038
0.9286699205860152, 0.37108925770948176
1.4923952371927924, 0.3058530235842325
5.201881283339884, 0.16715343491412493
9.58142932930738, 0.12378787448937666

3.475040221360693e-06, 1.679164537734941e-07
-0.010680540056140435, 0.3871562048022895
0.5861736961515304, 0.42391708812261386
0.9268039324343631, 0.37572997177604356
1.4915769450571021, 0.30982135735647076
5.201810718638055, 0.16935205596855374
9.581408405445375, 0.12541657172201165

3.5651162382390206e-06, 1.743651825376488e-07
-0.01870529841365195, 0.3868538796867389
0.5827110126379409, 0.428669955435659
0.9249147807518231, 0.38036129216383197
1.4907481074670186, 0.31378749975093106
5.201739231854107, 0.17155064698032102
9.58138720808563, 0.12704526540261607

3.656316639516422e-06, 1.8097021840634067e-07
-0.02672193629364573, 0.3863850982459111
0.579209853796821, 0.43339450716824557
0.9230025128915347, 0.38498310316434753
1.4899087302941663, 0.31775142272385754
5.201666823000984, 0.1737492075595107
9.581365737228808, 0.1286739554850736

3.7486401265173974e-06, 1.8773303178411178e-07
-0.03472700446369004, 0.38575006653479504
0.5756704514090245, 0.4380904317381116
0.9210671767852681, 0.38959528930855836
1.489058819484787, 0.3217130982472502
5.2015934920917966, 0.17594773731621263
9.581343992875551, 0.13030264192326832

3.84208539331018e-06, 1.9465507583463892e-07
-0.042717058801432395, 0.38494906193660355
0.5720930397791165, 0.44275741946589586
0.9191088209422027, 0.3941977353698032
1.4881983810597006, 0.32567249830906503
5.201519239139822, 0.1781462358605222
9.581321975026544, 0.13193132467108407

3.9366511269928606e-06, 2.017377864428952e-07
-0.05068866176345891, 0.38398243303546
0.5684778557196524, 0.4473951625955768
0.9171274944476931, 0.39879032636668743
1.4873274211142598, 0.3296295949134129
5.201444064158503, 0.1803447028025407
9.581299683682454, 0.13356000368240503

4.032336007979414e-06, 2.08982582182632e-07
-0.05863838385087478, 0.3828505994590995
0.5648251385352888, 0.45200335531477936
0.9151232469620157, 0.4033729475659708
1.4864459458183032, 0.3335843600807577
5.20136796716145, 0.1825431377523756
9.581277118843982, 0.13518867891111533

4.129138710285538e-06, 2.1639086428917115e-07
-0.06656280507100513, 0.3815540516916745
0.5611351300067343, 0.4565816937749486
0.9130961287191094, 0.40794548448545215
1.4855539614161144, 0.3375367658481154
5.201290948162441, 0.18474154032013995
9.581254280511818, 0.13681735031109926

4.227057901814187e-06, 2.2396401663749204e-07
-0.0744585163946178, 0.38009335085676665
0.5574080743745339, 0.46112987611139006
0.9110461905252936, 0.41250782289684484
1.484651474226378, 0.3414867842692527
5.2012130071754195, 0.18693991011595318
9.581231168686678, 0.13844601783624091

4.326092244640718e-06, 2.3170340572560048e-07
-0.08232212120807267, 0.3784691284707188
0.5536442183226933, 0.4656476024631738
0.9089734837579746, 0.4170598488286465
1.4837384906421316, 0.34543438741488586
5.201134144214493, 0.1891382467499407
9.581207783369257, 0.14007468144042484

4.426240395297513e-06, 2.3961038066316096e-07
-0.09015023675980577, 0.3766820861664081
0.5498438109621394, 0.47013457499290123
0.9068780603643393, 0.4216014485690013
1.4828150171307193, 0.349379547372878
5.201054359293945, 0.19133654983223414
9.581184124560284, 0.14170334107753563

4.527501005058015e-06, 2.4768627316537344e-07
-0.09793949560055834, 0.3747329953875998
0.5460071038140264, 0.47459049790633445
0.9047599728600321, 0.42613250866855745
1.481881060233747, 0.3533222362484389
5.200973652428213, 0.19353481897297156
9.581160192260494, 0.14333199670145774

4.629872720220072e-06, 2.5593239755207374e-07
-0.10568654701676647, 0.3726226970540255
0.5421343507928773, 0.47901507747188576
0.9026192743278193, 0.43065291594331523
1.4809366265670363, 0.35726242616432174
5.200892023631915, 0.1957330537822972
9.58113598647062, 0.1449606482660759

4.733354182388446e-06, 2.643500507520341e-07
-0.11338805845652797, 0.37035210119734435
0.5382258081895727, 0.48340802203996647
0.9004560184162386, 0.4351625574774697
1.4799817228205727, 0.36120008926102143
5.200809472919827, 0.19793125387036187
9.58111150719141, 0.14658929572527482

4.837944028756466e-06, 2.729405123124416e-07
-0.12104071694756974, 0.36792218656815723
0.5342817346541795, 0.4877690420621939
0.8982702593382331, 0.4396613206262468
1.4790163557584635, 0.3651351976969727
5.200726000306892, 0.2001294188473229
9.581086754423637, 0.14821793903293945

4.9436408923866215e-06, 2.817050444135236e-07
-0.12864123050664072, 0.36533400021425194
0.5303023911786291, 0.4920978501104542
0.8960620518697734, 0.44414909301873085
1.478040532218884, 0.3690677236487484
5.200641605808225, 0.202327548323344
9.581061728168036, 0.14984657814295463

5.0504434024901226e-06, 2.906448918882973e-07
-0.13618632953976084, 0.3625886570302714
0.5262880410792385, 0.4963941608958224
0.8938314513484624, 0.44862576256068554
1.4770542591140314, 0.3729976393112556
5.200556289439103, 0.2045256419085958
9.58103642842539, 0.15147521300920552

5.158350184705222e-06, 2.997612822474074e-07
-0.14367276823276098, 0.3596873392790047
0.5222389499790794, 0.5006576912873347
0.8915785136721305, 0.4530912174373692
1.4760575434300736, 0.3769249168979345
5.200470051214973, 0.20672369921325537
9.58101085519648, 0.15310384358557735

5.2673598613742655e-06, 3.0905542570902467e-07
-0.15109732593155167, 0.35663129608451416
0.5181553857901988, 0.5048881603306157
0.8893032952974109, 0.4575453461163394
1.475050392227101, 0.380849528640955
5.200382891151444, 0.20892171984750701
9.580985008482093, 0.1547324698259553

5.377471051819352e-06, 3.1852851523377066e-07
-0.15845680851156624, 0.3534218428973206
0.5140376186956853, 0.5090852892663563
0.8870058532383063, 0.4619880373502541
1.4740328126390723, 0.3847714467914137
5.2002948092642995, 0.2111197034215414
9.58095888828303, 0.15636109168422466

5.48868237261651e-06, 3.2818172656462934e-07
-0.1657480497358253, 0.3500603609318777
0.5098859211315901, 0.5132488015486415
0.8846862450647385, 0.4664191801796622
1.4730048118737662, 0.388690643619532
5.20020580556948, 0.21331764954555643
9.58093249460011, 0.15798970911427096

5.600992437868302e-06, 3.3801621827181546e-07
-0.1729679126010777, 0.3465482965765805
0.5057005677687009, 0.5173784228631306
0.8823445289010847, 0.47083866393578894
1.47196639721273, 0.3926070914148516
5.200115880083101, 0.21551555782975712
9.580905827434123, 0.15961832206997972

5.7143998594747555e-06, 3.480331318025529e-07
-0.1801132906714756, 0.34288716077655995
0.5014818354941646, 0.5214738811450816
0.8799807634246987, 0.4752463782433116
1.4709175760112247, 0.3965207624864321
5.200025032821445, 0.21771342788435524
9.580878886785904, 0.16124693050523659

5.82890324740254e-06, 3.5823359153572944e-07
-0.18718110939925015, 0.33907852838952907
0.4972300033929727, 0.5255349065972263
0.8775950078644207, 0.47964221302313
1.4698583556981764, 0.40043162916304803
5.199933263800955, 0.21991125931957006
9.580851672656276, 0.16287553437392738

5.944501209952293e-06, 3.686187048413806e-07
-0.19416832743185466, 0.3351240375149483
0.4929453527292968, 0.5295612317074896
0.8751873219990706, 0.48402605849512664
1.468788743776117, 0.4043396637933844
5.199840573038244, 0.22210905174562795
9.580824185046087, 0.1645041336299379

6.061192354024005e-06, 3.791895621449612e-07
-0.20107193790505373, 0.33102538879679977
0.48862816692768585, 0.5335525912665544
0.8727577661559301, 0.4883978051809206
1.467708747821136, 0.40824483874623374
5.199746960550091, 0.22430680477276252
9.58079642395619, 0.16613272822715425

6.178975285380358e-06, 3.899472369963587e-07
-0.20788896972143808, 0.326784344700258
0.48427873155411977, 0.5375087223852688
0.870306401209209, 0.4927573439066141
1.4666183754828235, 0.41214712641069173
5.199652426353443, 0.22650451801121507
9.580768389387428, 0.16776131811946243

6.29784860890796e-06, 4.008927861435993e-07
-0.21461648881385387, 0.3224027287625615
0.4798973342969251, 0.5414293645118974
0.8678332885784971, 0.4971045658055293
1.465517634484216, 0.4160464991963539
5.199556970465417, 0.22870219107123416
9.580740081340677, 0.16938990326074851

6.417810928876375e-06, 4.120272496112015e-07
-0.22125159939323857, 0.31788242481839596
0.4754842649475527, 0.5453142594492129
0.8653384902272038, 0.501439362320939
1.4644065326217406, 0.4199429295335109
5.1994605929032875, 0.23089982356307573
9.580711499816807, 0.17101848360489896

6.538860849194845e-06, 4.2335165078312356e-07
-0.22779144518036495, 0.3132253762001112
0.4710398153812171, 0.5491631513714293
0.8628220686609865, 0.5057616252087879
1.4632850777651598, 0.4238363898733445
5.199363293684504, 0.23309741509700352
9.580682644816699, 0.17264705910580014

6.66099697366663e-06, 4.348669964902544e-07
-0.23423321062099858, 0.3084335849130999
0.46656427953740126, 0.5529757868409746
0.8602840869261589, 0.5100712465404067
1.4621532778575146, 0.4277268526881234
5.199265072826679, 0.235294965283289
9.580653516341238, 0.17427562971733848

6.784217906240912e-06, 4.46574277102394e-07
-0.24057412208398238, 0.30350911078667964
0.4620579534002268, 0.5567519148250994
0.8577246086080913, 0.5143681187052175
1.4610111409150663, 0.43161429047139827
5.199165930347594, 0.23749247373221127
9.580624114391338, 0.1759041953934007

6.908522251262118e-06, 4.5847446662466875e-07
-0.24681144904176797, 0.2984540706008255
0.4575211349786915, 0.560491286712324
0.8551436978295951, 0.5186521344134309
1.459858675027243, 0.4354986757381976
5.199065866265196, 0.23968994005405733
9.580594438967891, 0.1775327560878735

7.033908613716628e-06, 4.705685227983256e-07
-0.25294250523292006, 0.2932706371891086
0.4529541242867756, 0.5641936563287233
0.8525414192492944, 0.5229231866987344
1.458695888356577, 0.4393799810252219
5.1989648805975985, 0.24188736385912213
9.580564490071819, 0.1791613117546438

7.1603755994767925e-06, 4.828573872058444e-07
-0.25896464980612827, 0.2879610385182102
0.4483572233234172, 0.5678587799540447
0.849917838059984, 0.5271811689209728
1.4575227891386489, 0.44325817889103974
5.1988629733630844, 0.24408474475770842
9.580534267704044, 0.18078986234759864

7.2879218155421165e-06, 4.95341985380314e-07
-0.26487528844526664, 0.2825275567443815
0.4437307360523606, 0.5714864163376604
0.8472730199869722, 0.5314259747688218
1.4563393856820295, 0.44713324191628195
5.198760144580097, 0.24628208236012727
9.58050377186551, 0.18241840782062502

7.416545870277621e-06, 5.080232269190057e-07
-0.2706718744750488, 0.27697252724723437
0.4390749683818755, 0.5750763267143527
0.8446070312864145, 0.5356574982624495
1.4551456863682173, 0.4510051427038363
5.198656394267251, 0.24847937627669753
9.580473002557136, 0.18404694812761008

7.546246373649228e-06, 5.20902005601085e-07
-0.27635190994683606, 0.27129833764125433
0.43439022814435163, 0.5786282748199325
0.841919938743629, 0.539875633756173
1.4539416996515795, 0.4548738538790417
5.198551722443332, 0.2506766261177465
9.580441959779884, 0.18567548322244126

7.677021937456139e-06, 5.339791995094008e-07
-0.2819129467041579, 0.26550742676543226
0.42967682507576843, 0.5821420269066876
0.8392118096714029, 0.544080275941103
1.452727434059294, 0.4587393480898836
5.198446129127283, 0.2528738314936098
9.580410643534709, 0.18730401305900596

7.808871175560092e-06, 5.472556711562764e-07
-0.2873525874275203, 0.2596022836514259
0.42493507079504106, 0.5856173517586613
0.8364827119082816, 0.5482713198477817
1.4515028981912852, 0.4626015980071868
5.198339614338218, 0.25507099201463124
9.58037905382258, 0.1889325375911918

7.941792704111496e-06, 5.60732267613251e-07
-0.2926684866580765, 0.25358544647066456
0.42016527878324694, 0.5890540207067605
0.8337327138168478, 0.5524486608488123
1.4502681007201659, 0.4664605763248105
5.198232178095422, 0.2572681072911631
9.580347190644462, 0.19056105677288634

8.075785141772269e-06, 5.744098206446908e-07
-0.29785835179974973, 0.2474595014608191
0.41536776436272915, 0.5924518076436932
0.8309618842819863, 0.5566121946614774
1.4490230503911687, 0.4703162557598414
5.198123820418341, 0.25946517693356635
9.580315054001353, 0.19218957055797747

8.210847109935396e-06, 5.882891468452077e-07
-0.3029199440993999, 0.24122708183207
0.41054284467608415, 0.5958104890387296
0.8281702927091348, 0.560761817350351
1.4477677560220916, 0.47416860905278735
5.198014541326588, 0.26166220055221023
9.580282643894233, 0.19381807890035324

8.346977232941103e-06, 6.023710477808149e-07
-0.30785107960463876, 0.2348908666536104
0.40569083866502914, 0.5991298439522932
0.8253580090225241, 0.5648974253298992
1.446502226503231, 0.4780176089677716
5.197904340839945, 0.26385917775747236
9.580249960324108, 0.19544658175390178

8.484174138289546e-06, 6.16656310133745e-07
-0.31264963009890445, 0.22845357972083008
0.40081206704915673, 0.6024096540503762
0.8225251036634029, 0.5690189153670743
1.4452264707973148, 0.4818632282927257
5.197793218978359, 0.26605610815973985
9.580217003291976, 0.197075079072511

8.622436456850043e-06, 6.311457058508595e-07
-0.31731352401341445, 0.22191798840363353
0.39590685230457284, 0.6056497036187783
0.8196716475882488, 0.5731261845838966
1.4439404979394443, 0.48570543983958187
5.197681175761943, 0.2682529913694081
9.58018377279887, 0.19870357081006937

8.761762823066613e-06, 6.458399922955764e-07
-0.321840747315625, 0.21528690247635127
0.3909755186424229, 0.6088497795771696
0.8167977122669717, 0.5772191304600313
1.4426443170370262, 0.489544216444467
5.197568211210981, 0.27044982699688147
9.580150268845811, 0.2003320569204654

8.902151875160022e-06, 6.607399124032393e-07
-0.32622934437383394, 0.20856317292971285
0.3860183919873067, 0.612009671492979
0.8139033696810967, 0.5812976508353512
1.441337937269708, 0.4933795309678952
5.19745432534592, 0.27264661465257334
9.580116491433825, 0.20196053735758754

9.043602255325981e-06, 6.758461948398538e-07
-0.330477418797572, 0.2017496907653536
0.3810357999555828, 0.6151291715950998
0.81098869232194, 0.5853616439124935
1.4400213678893121, 0.49721135629495966
5.197339518187375, 0.27484335394690573
9.580082440563952, 0.20358901207532462

9.186112609929638e-06, 6.911595541641089e-07
-0.33458313425343805, 0.1948493857733368
0.37602807183356424, 0.6182080747874197
0.808053753188771, 0.5894110082594068
1.438694618219772, 0.5010396653355262
5.197223789756127, 0.27704004449031
9.580048116237249, 0.20521748102756537

9.329681589696199e-06, 7.066806909926119e-07
-0.33854471525604, 0.18786522529317773
0.3709955385556086, 0.6212461786621688
0.8050986257869598, 0.593445642811887
1.4373576976570601, 0.5048644310244249
5.197107140073125, 0.27923668589322714
9.580013518454777, 0.20684594416819885

9.474307849897734e-06, 7.224102921682516e-07
-0.3423604479337145, 0.18080021295886306
0.36593853268210147, 0.6242432835130902
0.8021233841261117, 0.5974654468761063
1.4360106156691264, 0.5086856263216417
5.19698956915948, 0.28143327776610666
9.579978647217597, 0.20847440145111415

9.619990050535932e-06, 7.383490309316096e-07
-0.3460286807687078, 0.1736573874283653
0.36085738837733666, 0.6271991923484256
0.7991281027181919, 0.6014703201311281
1.434653381795828, 0.512503224212511
5.196871077036475, 0.2836298197194073
9.579943502526792, 0.21010285283020055

9.76672685652094e-06, 7.544975670953426e-07
-0.3495478253115082, 0.16643982109815847
0.35575244138729345, 0.6301137109037214
0.7961128565756366, 0.6054601626314188
1.4332860056488608, 0.516317197707907
5.196751663725559, 0.28582631136359826
9.579908084383444, 0.21173129825934733

9.914516937846092e-06, 7.708565472214449e-07
-0.35291635686903033, 0.15915061880324502
0.35062402901731343, 0.6329866476544497
0.7930777212094494, 0.6094348748093448
1.4319084969116915, 0.5201275198444357
5.196631329248342, 0.2880227523091565
9.579872392788639, 0.21335973769244415

1.0063358969758546e-05, 7.874266048013138e-07
-0.35613281516635975, 0.15179291650321416
0.34547249010967795, 0.6358178138284466
0.7900227726272885, 0.6133943574776605
1.4305208653394876, 0.5239341636846254
5.196510073626612, 0.29021914216657024
9.57983642774348, 0.2149881710833806

1.0213251632925799e-05, 8.04208360438532e-07
-0.35919580498178305, 0.1443698799548516
0.34029816502108706, 0.6386070234181663
0.7869480873315384, 0.6173385118319883
1.4291231207590496, 0.5277371023171179
5.196387896882316, 0.29241548054633626
9.579800189249083, 0.2166165983860466

1.0364193613597935e-05, 8.212024220342796e-07
-0.36210399675482463, 0.13688470337183273
0.33510139560004343, 0.6413540931927494
0.783853742317372, 0.6212672394532868
1.427715273068738, 0.5315363088568603
5.196264799037565, 0.2946117670589611
9.579763677306554, 0.2182450195543319

1.0516183603765635e-05, 8.384093849752871e-07
-0.36485612716703536, 0.12934060807202996
0.3298825251641406, 0.6440588427099039
0.780739815070798, 0.6251804423103109
1.4262973322384056, 0.535331756445295
5.196140780114642, 0.29680800131496143
9.579726891917026, 0.21987343454212677

1.0669220301313918e-05, 8.558298323242484e-07
-0.3674509996952815, 0.12174084111297534
0.32464189847725766, 0.6467210943276027
0.7776063835666971, 0.6290780227620594
1.4248693083093225, 0.5391234182505501
5.196015840135997, 0.2990041829248632
9.579689833081638, 0.2215018433033212

1.0823302410171518e-05, 8.734643350125979e-07
-0.36988748513729014, 0.11408867391602177
0.31937986172666394, 0.6493406732155914
0.7744535262668465, 0.6329598835602159
1.423431211394107, 0.5429112674676305
5.195889979124238, 0.3012003114992025
9.57965250080153, 0.22313024579180574

1.0978428640455853e-05, 8.913134520355686e-07
-0.3721645221092233, 0.10638740087975272
0.31409676250003127, 0.6519174073667064
0.7712813221179322, 0.6368259278515759
1.4219830516766536, 0.5466952773186071
5.195763197102148, 0.30339638664852575
9.579614895077846, 0.224758641961471

1.1134597708613593e-05, 9.093777306494377e-07
-0.3742811175150587, 0.09864033798319272
0.3087929497623595, 0.6544511276080092
0.7680898505495466, 0.640676059180466
1.420524839412058, 0.5504754210528068
5.195635494092675, 0.30559240798338894
9.579577015911754, 0.22638703176620753

1.1291808337556774e-05, 9.276577065708671e-07
-0.3762363469875697, 0.09085082137937806
0.3034687738328148, 0.6569416676117256
0.7648791914721785, 0.644510181491153
1.4190565849265468, 0.5542516719470042
5.195506870118934, 0.3077883751143584
9.579538863304425, 0.22801541515990612

1.1450059256794376e-05, 9.461539041782547e-07
-0.37802935530070003, 0.08302220597984968
0.298124586361482, 0.6593888639059993
0.7616494252751868, 0.6483281991302413
1.4175782986174006, 0.5580240033056078
5.195377325204202, 0.3099842876520106
9.579500437257021, 0.2296437920964578

1.1609349202559357e-05, 9.648668367149928e-07
-0.3796593567531494, 0.07515786403063536
0.2927607403060336, 0.6617925558854504
0.7584006328247649, 0.6521300168490602
1.4160899909528826, 0.5617923884608529
5.195246859371929, 0.31218014520693227
9.579461737770746, 0.2312721625297535

1.1769676917931173e-05, 9.837970064945535e-07
-0.38112563552298606, 0.06726118368029192
0.2873775899083155, 0.6641525858215473
0.7551328954618937, 0.6559155398060416
1.414591672472161, 0.5655568007729872
5.195115472645735, 0.3143759473897202
9.57942276484678, 0.23290052641368467

1.1931041152953605e-05, 1.0029449051072934e-06
-0.38242754599312556, 0.059335567540581634
0.28197549067085376, 0.6664687988727823
0.751846295000278, 0.659684673569087
1.4130833537852354, 0.5693172136304623
5.194983165049394, 0.31657169381098194
9.579383518486335, 0.23452888370214278

1.2093440664748055e-05, 1.022311013628898e-06
-0.3835645130475105, 0.051384431240362134
0.27655479933328075, 0.6687410430946575
0.7485409137242788, 0.6634373241179241
1.4115650455728632, 0.573073600450122
5.194849936606856, 0.31876738408133565
9.579343998690609, 0.2361572343490193

1.2256874217622078e-05, 1.0418958028303571e-06
-0.3845360323378507, 0.043411201973270974
0.2711158738486856, 0.6709691694494762
0.7452168343868268, 0.6671733978464511
1.410036758586476, 0.5768259346773899
5.194715787342232, 0.32096301781140957
9.579304205460838, 0.23778557830820596

1.2421340583173287e-05, 1.0616997333893875e-06
-0.3853416705207889, 0.03541931703979003
0.26565907335988603, 0.6731530318159404
0.7418741402073281, 0.6708928015650715
1.4084985036481128, 0.5805741897864586
5.194580717279805, 0.323158594611843
9.579264138798235, 0.23941391553359467

1.258683854038855e-05, 1.0817232561031943e-06
-0.38598106546536176, 0.027412222384278446
0.26018475817562836, 0.6752924869985546
0.7385129148695562, 0.6745954425030204
1.4069502916503345, 0.5843183392804767
5.194444726444016, 0.3253541140932857
9.57922379870404, 0.24104224597907742

1.2753366875738388e-05, 1.1019668121024875e-06
-0.3864539264306514, 0.01939337112756495
0.2546932897467141, 0.6773873947368348
0.7351332425195354, 0.6782812283106766
1.4053921335561497, 0.5880583566917386
5.194307814859485, 0.32754957586639816
9.579183185179495, 0.24267056959854647

1.2920924383266675e-05, 1.122430833066647e-06
-0.3867600342135185, 0.011366222095694037
0.24918503064205486, 0.6794376177143207
0.7317352077634083, 0.6819500670618639
1.403824040398936, 0.5917942155818702
5.194169982550985, 0.3297449795418519
9.579142298225861, 0.24429888634589414

1.308950986467555e-05, 1.143115741439945e-06
-0.386899241266331, 0.0033342383454222305
0.24366034452465876, 0.6814430215673937
0.7283188956652963, 0.6856018672561452
1.4022460232823626, 0.5955258895420175
5.194031229543468, 0.3319403247303292
9.579101137844392, 0.24592719617501282

1.325912212940548e-05, 1.1640219506487175e-06
-0.38687147178460685, -0.0046991143129361795
0.23811959612754774, 0.6834034748938984
0.7248843917451466, 0.6892365378211008
1.400658093380307, 0.5992533521930332
5.193891555862043, 0.33413561104252365
9.57905970403635, 0.2475554990397955

1.3429759994710612e-05, 1.1851498653194e-06
-0.38667672176450446, -0.01273036879471299
0.23256315122961005, 0.6853188492615649
0.7214317819765668, 0.6928539881146009
1.399060261936779, 0.6029765771856648
5.193750961531994, 0.3363308380891394
9.579017996803026, 0.24918379489413475

1.3601422285729213e-05, 1.2064998814973217e-06
-0.38631505903010266, -0.020756058221536054
0.22699137663138716, 0.6871890192162372
0.7179611527846493, 0.6964541279270612
1.397452540265839, 0.6066955382007395
5.193609446578766, 0.33852600548089207
9.578976016145702, 0.2508120836919236

1.3774107835549308e-05, 1.228072386866154e-06
-0.3857866232304266, -0.02877271740282044
0.22140464013079775, 0.6890138622898994
0.7144725910437861, 0.7000368674836918
1.395834939751517, 0.6104102089493524
5.19346701102797, 0.3407211128285084
9.578933762065672, 0.2524403653870552

1.3947815485269478e-05, 1.2498677609679243e-06
-0.38509162580618805, -0.03677688431749397
0.21580331049880078, 0.6907932590085086
0.7109661840754694, 0.7036021174467341
1.3942074718477329, 0.6141205631730527
5.1933236549053845, 0.34291615974272666
9.578891234564244, 0.2540686399334229

1.4122544084054809e-05, 1.2718863754234877e-06
-0.3842303499262146, -0.0447651015953493
0.21018775745499826, 0.6925270928996248
0.707442019646083, 0.7071497889176852
1.3925701480782127, 0.6178265746440291
5.193179378236954, 0.345111145834296
9.578848433642724, 0.25569690728492045

1.4298292489187956e-05, 1.294128594153361e-06
-0.3832031503935613, -0.05273391799741307
0.2045583516431805, 0.6942152504998441
0.7039001859646824, 0.7106797934395115
1.3909229800364067, 0.6215282171652966
5.1930341810487946, 0.34730607071397757
9.578805359302427, 0.25732516739544115

1.4475059566115364e-05, 1.3165947735988138e-06
-0.38201045352130697, -0.06067988989472161
0.19891546460681436, 0.69585762136203
0.7003407716807638, 0.7141920429988516
1.3892659793854067, 0.625225464570881
5.192888063367182, 0.3495009339925437
9.578762011544685, 0.2589534202188793

1.465284418848863e-05, 1.3392852629431269e-06
-0.3806527569780466, -0.06859958274489283
0.19325946876447667, 0.6974540980623473
0.6967638658820211, 0.7176864500282073
1.3875991578578648, 0.6289182907260061
5.192741025218563, 0.35169573528077847
9.578718390370838, 0.2605816657091286

1.4831645238200991e-05, 1.3622004043329003e-06
-0.37913062960310856, -0.07648957256588196
0.18759073738523485, 0.6990045762070954
0.6931695580920944, 0.7211629274081225
1.3859225272559064, 0.632606669527277
5.192593066629549, 0.3538904741894774
9.57867449578223, 0.26220990382008325

1.501146160541895e-05, 1.3853405330993234e-06
-0.37744471119153145, -0.08434644740630932
0.18190964456397557, 0.7005089544393368
0.6895579382683049, 0.7246213884693518
1.384236099451048, 0.6362905749028668
5.192444187626917, 0.3560851503294477
9.578630327780216, 0.2638381345056377

1.5192292188609042e-05, 1.4087059779793117e-06
-0.3755957122488536, -0.09216680881174825
0.17621656519668386, 0.70196713444533
0.6859290967993822, 0.7280617469950184
1.3825398863841114, 0.6399699808127003
5.192294388237611, 0.3582797633115088
9.578585886366154, 0.2654663577196863

1.5374135894559757e-05, 1.4322970613363886e-06
-0.3735844137157752, -0.09994727328636066
0.1705118749556731, 0.7033790209607567
0.6822831245031766, 0.7314839172227557
1.3808339000651415, 0.6436448612486387
5.192143668488746, 0.36047431274649155
9.578541171541415, 0.26709457341612375

1.5556991638398587e-05, 1.4561140993812348e-06
-0.3714116666627663, -0.10768447374926905
0.16479595026476962, 0.7047445217767514
0.6786201126243661, 0.7348878138468438
1.3791181525733145, 0.6473151902346634
5.191992028407596, 0.36266879824523873
9.578496183307388, 0.2687227815488451

1.574085834360431e-05, 1.4801574023917873e-06
-0.3690783919547102, -0.11537506098505286
0.15906916827445106, 0.7060635477457236
0.674940152832147, 0.7382733520203295
1.3773926560568575, 0.6509809418270629
5.191839468021602, 0.36486321941860583
9.57845092166545, 0.27035098207174524

1.5925734942014382e-05, 1.504427274932797e-06
-0.36658557988567536, -0.12301570508775958
0.1533319068369424, 0.7073360127869818
0.67124333721792, 0.7416404473571356
1.3756574227329603, 0.6546420901146125
5.191685987358379, 0.36705757587745974
9.578405386616991, 0.2719791749387196

1.611162037382754e-05, 1.5289240160747443e-06
-0.3639342897839312, -0.13060309689782068
0.14758454448126956, 0.7085618338921535
0.6675297582929606, 0.7449890159341609
1.3739124648876853, 0.658298609218761
5.1915315864457, 0.3692518672326798
9.578359578163425, 0.2736073601036633

1.6298513587601618e-05, 1.5536479196120056e-06
-0.36112564958732624, -0.13813394943126367
0.14182746038827326, 0.7097409311304004
0.6637995089860826, 0.7483189742933636
1.372157794875884, 0.6619504732938126
5.191376265311516, 0.3714460930951575
9.578313496306166, 0.2752355375204722

1.64864135402466e-05, 1.5785992742801806e-06
-0.3581608553891681, -0.14560499930061432
0.13606103436558456, 0.7108732276534343
0.6600526826412889, 0.7516302394438368
1.3703934251211065, 0.6655976565271101
5.191220023983926, 0.3736402530757969
9.578267141046624, 0.27686370714304204

1.6675319197012906e-05, 1.6037783639724698e-06
-0.35504117095474713, -0.15301300812688337
0.13028564682256352, 0.7119586497003254
0.6562893730154153, 0.7549227288638727
1.368619368115513, 0.6692401331392182
5.191062862491214, 0.375834346785514
9.578220512386238, 0.278491868925269

1.6865229531474965e-05, 1.6291854679550158e-06
-0.351767927208667, -0.16035476394203377
0.1245016787452027, 0.7129971266021091
0.6525096742757588, 0.7581963605030078
1.3668356364197833, 0.672877877384107
5.190904780861821, 0.3780283738352377
9.578173610326434, 0.2801200228210486

1.705614352551003e-05, 1.6548208610810924e-06
-0.34834252169315283, -0.1676270825813292
0.11870951167099748, 0.7139885907861888
0.6487136809977014, 0.7614510527840661
1.365042242663032, 0.6765108635493317
5.190745779124353, 0.38022233383590925
9.578126434868675, 0.2817481687842775

1.7248060169272374e-05, 1.6806848140040599e-06
-0.34476641799751917, -0.1748268090649632
0.11290952766378456, 0.7149329777805327
0.6449014881623212, 0.7646867246051814
1.363239199542714, 0.6801390659562184
5.190585857307589, 0.38241622639848244
9.578078986014406, 0.283376306768852

1.7440978461162803e-05, 1.7067775933889804e-06
-0.34104114515899603, -0.18195081896837453
0.10710210928854991, 0.7158302262176686
0.6410731911539918, 0.7679032953418142
1.3614265198245332, 0.6837624589600423
5.1904250154404705, 0.3846100511339239
9.578031263765093, 0.2850044367286691

1.7634897407793507e-05, 1.7330994621227892e-06
-0.3371682970351208, -0.1889960197806542
0.10128763958620897, 0.7166802778384739
0.6372288857579747, 0.7711006848487498
1.3596042163423558, 0.6873810169502124
5.190263253552106, 0.38680380765321304
9.577983268122201, 0.2866325586176257

1.7829816023948478e-05, 1.759650679522938e-06
-0.3331495316479161, -0.1959593522504552
0.09546650204835959, 0.7174830774957579
0.6333686681580009, 0.7742788134620909
1.3577723019981145, 0.690994714350451
5.190100571671766, 0.38899749556734203
9.57793499908722, 0.28826067238961883

1.802573333253915e-05, 1.7864315015444e-06
-0.32898657050008684, -0.20283779171881855
0.08963908059200972, 0.7182385731576424
0.629492634933842, 0.7774376020012321
1.3559307897617203, 0.6946035256189765
5.189936969828896, 0.3911911144873158
9.577886456661625, 0.2898887779985457

1.822264836455563e-05, 1.8134421809849547e-06
-0.3246811978634809, -0.2096283494383313
0.08380575953428229, 0.7189467159107353
0.6256008830588727, 0.7805769717708263
1.354079692670966, 0.6982074252486827
5.189772448053101, 0.39338466402415223
9.577837640846923, 0.29151687539830345

1.8420560159013517e-05, 1.8406829676886396e-06
-0.32023526004007297, -0.2163280738780396
0.07796692356709743, 0.719607459963103
0.6216935098976216, 0.7836968445627354
1.3522190238314362, 0.70180638776732
5.189607006374153, 0.3955781437888828
9.577788551644618, 0.2931449645427903

1.861946776289617e-05, 1.8681541087472892e-06
-0.31565066459573843, -0.22293405201354008
0.07212295773183507, 0.7202207626470305
0.6177706132033144, 0.7867971426579703
1.3503487964164107, 0.7054003877376762
5.1894406448220005, 0.39777155339255144
9.577739189056219, 0.29477304538590404

1.881937023109262e-05, 1.8958558487000592e-06
-0.3109293795670989, -0.22944341060168036
0.0662742473939789, 0.7207865844215817
0.6138322911154067, 0.7898777888286206
1.348469023666775, 0.7089893997577554
5.189273363426739, 0.39996489244621597
9.577689553083253, 0.2964011178815423

1.902026662633109e-05, 1.9237884297308437e-06
-0.3060734326417351, -0.23585331743930252
0.06042117821774355, 0.7213048888749528
0.6098786421571069, 0.7929387063397657
1.346579718890922, 0.7125733984609608
5.189105162218648, 0.4021581605609468
9.577639643727249, 0.29802918198360345

1.9222156019108338e-05, 1.9519520918634896e-06
-0.30108491031207213, -0.24216098260546842
0.05456413614068646, 0.7217756427266194
0.6059097652328912, 0.7959798189513794
1.3446808954646596, 0.7161523585162708
5.188936041228165, 0.40435135734782834
9.57758946098974, 0.299657237645986

1.9425037487614546e-05, 1.980347073154721e-06
-0.29596595700325196, -0.2483636596866124
0.04870350734830625, 0.7221988158292786
0.6019257596260068, 0.7990010509202174
1.3427725668311126, 0.7197262546284203
5.188766000485893, 0.40654448241795776
9.577539004872285, 0.3012852848225887

1.9628910117654176e-05, 2.0089736098846912e-06
-0.2907187741753278, -0.25445864698406967
0.042839678248629505, 0.7225743811705855
0.5979267249959681, 0.8020023270016956
1.3408547465006289, 0.7232950615380799
5.188595040022609, 0.4087375353824462
9.577488275376426, 0.30291332346731026

1.9833773002562552e-05, 2.0378319367450405e-06
-0.2853456194001156, -0.26044328870343797
0.036973035446786956, 0.7229023148746834
0.5939127613760424, 0.8049835724517542
1.3389274480506843, 0.7268587540220343
5.188423159869248, 0.410930515852418
9.577437272503737, 0.3045413535340498

2.0039625243118397e-05, 2.066922287024408e-06
-0.2798488054130622, -0.2663149761252311
0.03110396571958133, 0.7231825962035282
0.5898839691707259, 0.8079447130287075
1.3369906851257807, 0.7304173068933608
5.188250360056916, 0.4131234234390117
9.577385996255789, 0.30616937497670627

2.024646594745232e-05, 2.0962448927912894e-06
-0.2742306991404902, -0.27207114875629657
0.025232855990048375, 0.7234152075580091
0.5858404491532121, 0.8108856749950832
1.3350444714373564, 0.7339706950016077
5.188076640616879, 0.41531625775337894
9.577334446634167, 0.30779738774917936

2.0454294230951318e-05, 2.1257999850741597e-06
-0.2684937207025983, -0.27770929546146755
0.019360093302012455, 0.7236001344788597
0.581782302462851, 0.8138063851194486
1.3330888207636797, 0.7375188932329718
5.187902001580583, 0.41750901840668564
9.577282623640443, 0.30942539180536865

2.06631092161593e-05, 2.15558779403876e-06
-0.2626403423926035, -0.28322695557493255
0.01348606479463879, 0.723737365647368
0.5777096306025978, 0.8167067706782218
1.3311237469497568, 0.7410618765104792
5.187726442979627, 0.4197017050101111
9.577230527276228, 0.3110533870991741

2.0872910032673895e-05, 2.18560854916249e-06
-0.2566730876324287, -0.28862171999081027
0.007611157676983591, 0.7238268928858769
0.5736225354364554, 0.8195867594574726
1.3291492639072322, 0.744599619794158
5.187549964845779, 0.4218943171748494
9.577178157543138, 0.31268137358449566

2.1083695817039178e-05, 2.2158624794058044e-06
-0.2505945299053396, -0.29389123223242636
0.0017357592025440786, 0.7238687111580798
0.5695211191869023, 0.822446279754708
1.327165385614286, 0.7481320980812189
5.187372567210976, 0.4240868545121076
9.577125514442761, 0.3143093512152337

2.1295465712635e-05, 2.2463498133805234e-06
-0.24440729166595893, -0.29903318949979313
-0.004139743356190249, 0.7238628185691122
0.5654054844323205, 0.825285260380647
1.325172126115539, 0.7516592864062319
5.1871942501073205, 0.4262793166331073
9.577072597976736, 0.3159373199452885

2.15082188695624e-05, 2.2770707795150106e-06
-0.23811404322808974, -0.30404534369480546
-0.010014962733183197, 0.7238092163654377
0.5612757341044053, 0.82810363066098
1.323169499521948, 0.7551811598413013
5.187015013567084, 0.4284717031490844
9.577019408146688, 0.3175652797285605

2.172195444452552e-05, 2.308025606216085e-06
-0.23171750163078914, -0.30892550242366945
-0.015889511694292847, 0.7237079089345257
0.5571319714855758, 0.8309013204381186
1.3211575200107115, 0.758697693496244
5.186834857622697, 0.4306640136712888
9.576965944954265, 0.3191932305189511

2.1936671600710013e-05, 2.339214522027641e-06
-0.22522042948315074, -0.31367152997609393
-0.021763003062706152, 0.723558903804327
0.5529743002063688, 0.8336782600729261
1.3191362018251602, 0.7622088625187655
5.186653782306766, 0.43285624781098503
9.576912208401112, 0.3208211722703614

2.2152369507657908e-05, 2.3706377557858717e-06
-0.21862563378825858, -0.31828134828077986
-0.027635049744365616, 0.723362211642542
0.548802824242828, 0.8364343804464415
1.317105559274662, 0.7657146420946344
5.18647178765205, 0.43504840517945176
9.576858198488882, 0.3224491049366923

2.2369047341139213e-05, 2.4022955367710183e-06
-0.2119359647467919, -0.32275293783675146
-0.033505264753386235, 0.7231178462556868
0.5446176479138852, 0.8391696129615863
1.315065606734517, 0.7692150074478591
5.186288873691489, 0.43724048538798194
9.576803915219239, 0.32407702847184583

2.2586704283020084e-05, 2.434188094855574e-06
-0.2051543145407645, -0.32708433862008385
-0.039373261237461335, 0.7228258245879488
0.5404188758787306, 0.841883889544859
1.3130163586458559, 0.7727099338408626
5.186105040458182, 0.4394324880478834
9.576749358593863, 0.3257049428297237

2.2805339521127893e-05, 2.466315660648893e-06
-0.19828361609789685, -0.33127365096559236
-0.04523865250325536, 0.7224861667198423
0.5362066131341785, 0.844577142648016
1.310957829515538, 0.7761993965746582
5.185920287985398, 0.44162441277047826
9.57669452861443, 0.32733284796422735

2.3024952249113073e-05, 2.4986784656380877e-06
-0.19132684183712803, -0.33531903642305455
-0.051101052041782107, 0.72209889586666
0.5319809650120201, 0.8472493052497396
1.3088900339160454, 0.7796833709890257
5.185734616306563, 0.4438162591671034
9.576639425282632, 0.3289607438292592

2.324554166630798e-05, 2.531276742325194e-06
-0.18428700239578397, -0.3392187185875481
-0.056960073553767025, 0.7216640383767147
0.5277420371763726, 0.8499003108572935
1.306812986485381, 0.7831618324626815
5.185548025455284, 0.44600802684911073
9.576584048600164, 0.3305886303787217

2.3467106977582623e-05, 2.564110724360496e-06
-0.17716714533892858, -0.34297098390350006
-0.06281533097499141, 0.7211816237293804
0.5234899356210175, 0.8525300935081614
1.3047267019269633, 0.7866347564134571
5.185360515465314, 0.4481997154278666
9.57652839856874, 0.3322165075665174

2.3689647393197695e-05, 2.5971806466719696e-06
-0.16997035385143508, -0.3465741824420483
-0.06866643850161722, 0.7206516845329302
0.5192247666667321, 0.8551385877716773
1.3026311950095224, 0.7901021182984707
5.185172086370593, 0.4503913245147525
9.576472475190076, 0.33384437534654937

2.3913162128654604e-05, 2.6304867455907667e-06
-0.16269974541332063, -0.3500267286513308
-0.07451301061549101, 0.7200742565221676
0.5149466369586109, 0.8577257287506369
1.300526480566994, 0.7935638936143018
5.184982738205212, 0.45258285372116475
9.576416278465883, 0.33547223367272055

2.4137650404542997e-05, 2.664029258972694e-06
-0.1553584704589019, -0.35332710207932955
-0.08035466210942484, 0.7194493785558561
0.5106556534633822, 0.8602914520828987
1.298412573498413, 0.7970200578971646
5.184792471003441, 0.45477430265851476
9.576359808397902, 0.3371000824989342

2.4363111446385446e-05, 2.697808426315595e-06
-0.14794971102033333, -0.35647384806890114
-0.08619100811245325, 0.7187770926139435
0.5063519234667155, 0.8628356939429718
1.2962894887678094, 0.8004705867230815
5.184601284799706, 0.4569656709382294
9.57630306498787, 0.3387279217790939

2.4589544484479725e-05, 2.731824488872616e-06
-0.14047667935610106, -0.35946557842464777
-0.09202166411506388, 0.7180574437945844
0.5020355545705213, 0.8653583910435877
1.2941572414040996, 0.8039154557080539
5.184409179628605, 0.4591569581717498
9.576246048237541, 0.3403557514671034

2.4816948753738557e-05, 2.7660776897612615e-06
-0.13294261656505343, -0.362300972051281
-0.09784624599440075, 0.7172904803109598
0.49770665469024167, 0.8678594806372611
1.2920158465009803, 0.8073546405082372
5.184216155524896, 0.4613481639705329
9.576188758148668, 0.3419835715168669

2.504532349352709e-05, 2.8005682740682105e-06
-0.12535079118655762, -0.36497877556315633
-0.10366437003943847, 0.7164762534878923
0.49336533205213534, 0.870338900517834
1.2898653192168217, 0.810788116820111
5.184022212523513, 0.46353928794605154
9.576131194723022, 0.3436113818822882

2.5274667947498045e-05, 2.8352964889498278e-06
-0.11770449778737913, -0.367497803864657
-0.10947565297612537, 0.7156148177582619
0.4890116951905546, 0.8727965890220086
1.2877056747745557, 0.8142158603806522
5.1838273506595485, 0.46573032970979306
9.576073357962379, 0.3452391825172716

2.5504981363424767e-05, 2.8702625837283244e-06
-0.11000705553588991, -0.36985694070112474
-0.11527971199249448, 0.7147062306592168
0.48464585294521406, 0.8752324850308658
1.2855369284615723, 0.8176378469675069
5.183631569968261, 0.46792128887326073
9.576015247868513, 0.34686697337572203

2.573626299303208e-05, 2.9054668099835037e-06
-0.10226180676421719, -0.37205513918004474
-0.1210761647637404, 0.7137505528281834
0.4802679144584533, 0.8776465279713691
1.2833590956296095, 0.8210540523991606
5.183434870485078, 0.4701121650479734
9.575956864443222, 0.34849475441154454

2.5968512091825402e-05, 2.940909421640077e-06
-0.09447211551895356, -0.3740914222622049
-0.12686462947726032, 0.7127478479986756
0.4758779891724903, 0.8800386578178542
1.28117219169464, 0.8244644525351099
5.183237252245588, 0.47230295784546544
9.575898207688306, 0.3501225255786441

2.620172791891776e-05, 2.976590675050468e-06
-0.08664136610105491, -0.37596488322256477
-0.13264472485765846, 0.7116981829959027
0.47147618682667, 0.882408815093508
1.2789762321367655, 0.8278690232760331
5.183038715285558, 0.47449366687728667
9.575839277605565, 0.35175028683092574

2.643590973685515e-05, 3.012510829073083e-06
-0.07877296159556063, -0.3776746860805801
-0.1384160701917108, 0.7106016277321747
0.4670626174547034, 0.8847569408718292
1.2767712325001062, 0.8312677405639602
5.182839259640909, 0.4766842917550033
9.575780074196814, 0.35337803812229546

2.667105681144026e-05, 3.0486701451460125e-06
-0.07087032239177578, -0.3792200659997413
-0.1441782853532904, 0.7094582552021104
0.4626373913819006, 0.8870829767780781
1.274557208392687, 0.8346605803824447
5.182638885347728, 0.478874832090197
9.57572059746389, 0.35500577940665906

2.690716841155453e-05, 3.085068887356104e-06
-0.06293688469456254, -0.3806003296561024
-0.14993099082825, 0.7082681414776415
0.45820061922239763, 0.8893868649907108
1.2723341754863307, 0.8380475187567306
5.1824375924422785, 0.4810652874944651
9.575660847408615, 0.3566335106379223

2.7144243808978923e-05, 3.121707322503391e-06
-0.054976099027392866, -0.3818148555755845
-0.1556738077392612, 0.707031365702823
0.4537524118763743, 0.8916685482428002
1.2701021495165408, 0.8414285317539253
5.182235380960982, 0.4832556575794213
9.575600824032843, 0.3582612317699918

2.738228227821315e-05, 3.158585720160826e-06
-0.04699142872782098, -0.38286309443985783
-0.16140635787060872, 0.7057480100884368
0.44929288052726746, 0.893927969823443
1.267861146282394, 0.8448035954831657
5.182032250940427, 0.4854459419566954
9.575540527338404, 0.3598889427567741

2.7621283096293775e-05, 3.1957043527292986e-06
-0.03898634843603925, -0.3837445693606151
-0.16712826369293787, 0.7044181599064023
0.4448221366389749, 0.8961650735791505
1.2656111816464268, 0.8481726860957896
5.181828202417372, 0.4876361402379331
9.575479957327168, 0.36151664355217566

2.7861245542611163e-05, 3.2330634954879103e-06
-0.03096434257718563, -0.3844588761220653
-0.1728391483879531, 0.7030419034839854
0.44034029195305424, 0.8983798039152299
1.2633522715345218, 0.8515357797855022
5.181623235428734, 0.4898262520347966
9.575419114001003, 0.3631443341101038

2.8102168898725395e-05, 3.270663426639471e-06
-0.022928903838076525, -0.38500568339149516
-0.17853863587306795, 0.7016193321978126
0.43584745848591544, 0.9005721057971462
1.2610844319357917, 0.8548928527885469
5.181417350011605, 0.49201627695896416
9.57535799736178, 0.36477201438446555

2.8344052448181216e-05, 3.3085044273511937e-06
-0.01488353163904274, -0.3853847328977504
-0.18422635082600206, 0.7001505404676837
0.4313437485260055, 0.9027419247518736
1.25880767890247, 0.8582438813838706
5.181210546203235, 0.49420621462213066
9.575296607411385, 0.36639968432916864

2.8586895476322244e-05, 3.346586781790567e-06
-0.006831730601550055, -0.3855958395775133
-0.18990191870932646, 0.6986356257501889
0.4268292746309868, 0.9048892068692312
1.2565220285497933, 0.8615888418932933
5.181002824041044, 0.49639606463600705
9.575234944151706, 0.3680273438981208

2.8830697270104448e-05, 3.384910777156394e-06
0.0012229909877094357, -0.3856388916892663
-0.19556496579495314, 0.6970746885321327
0.42230414962490953, 0.9070138988032038
1.254227497055889, 0.8649277106816755
5.180794183562617, 0.4985858266123208
9.575173007584652, 0.36965499304523025

2.9075457117908964e-05, 3.4234767037049616e-06
0.009277122715566409, -0.3855138508948367
-0.20121511918856985, 0.6954678323237552
0.41776848659537763, 0.9091159477732517
1.2519241006616577, 0.8682604641570832
5.180584624805713, 0.5007755001628162
9.575110797712128, 0.3712826317244048

2.9321174309354608e-05, 3.4622848547713397e-06
0.01732715358327153, -0.38522075230844655
-0.20685200685401597, 0.6938151636517635
0.41322239889070767, 0.9111953015655997
1.2496118556706584, 0.8715870787709573
5.1803741478082435, 0.5029650848992546
9.575048314536042, 0.37291025988955323

2.95678481351098e-05, 3.501335526785801e-06
0.025369573548845798, -0.38475970451319746
-0.21247525763759975, 0.6921167920521646
0.4086660001170827, 0.9132519085345194
1.247290778448993, 0.8749075310182779
5.180162752608291, 0.5051545804334129
9.57498555805833, 0.3745378774945841

2.9815477886704352e-05, 3.5406290192853357e-06
0.03340087507018667, -0.384130889544938
-0.21808450129235488, 0.690372830062905
0.404099404135699, 0.9152857176035926
1.244960885425189, 0.8782217974377334
5.17995043924411, 0.5073439863770858
9.57492252828092, 0.37616548449340664

3.006406285634116e-05, 3.580165634920264e-06
0.04141755464823019, -0.38333456284347667
-0.2236793685022345, 0.6885833932163168
0.39952272505990694, 0.9172966782669597
1.2426221930900816, 0.8815298546118819
5.179737207754115, 0.509533302342085
9.574859225205753, 0.37779308083992985

3.031360233670772e-05, 3.619945679455945e-06
0.04941611436946835, -0.38237105317111975
-0.22925949090624181, 0.686748600031368
0.39493607725234564, 0.9192847405905579
1.2402747179966995, 0.8848316791673208
5.179523058176889, 0.5117225279402383
9.574795648834781, 0.37942066648806344

3.0564095620787866e-05, 3.6599694617695665e-06
0.05739306344711883, -0.38124076249852834
-0.23482450112249476, 0.684868572005722
0.39033957532207264, 0.9212498552133391
1.2379184767601425, 0.8881272477748502
5.17930799055118, 0.5139116627833907
9.574731799169967, 0.3810482413917171

3.081554200167357e-05, 3.7002372938420395e-06
0.06534491976024341, -0.3799441658578999
-0.24037403277222436, 0.6829434336076047
0.38573333412168603, 0.9231919733484804
1.2355534860574675, 0.8914165371496375
5.179092004915903, 0.5161007064834052
9.574667676213279, 0.38267580550480074

3.1067940772377175e-05, 3.7407494907449636e-06
0.07326821139011089, -0.37848181116350593
-0.24590772050370482, 0.6809733122674778
0.38111746874444213, 0.9251110467845721
1.2331797626275656, 0.894699524051383
5.178875101310137, 0.5182896586521607
9.574603279966688, 0.38430335878122496

3.132129122564394e-05, 3.7815063706227087e-06
0.08115947815310012, -0.37685431899962213
-0.25142520001611296, 0.6789583383695224
0.37649209452136745, 0.9270070278867985
1.230797323271045, 0.8979761852844829
5.178657279773126, 0.5204785189015545
9.574538610432182, 0.38593090117490036

3.1575592653765244e-05, 3.822508254669589e-06
0.08901527312943863, -0.37506238237590717
-0.25692610808331695, 0.6768986452429308
0.37185732701836366, 0.928879869598099
1.2284061848501122, 0.9012464976981939
5.178438540344284, 0.5226672868435005
9.574473667611752, 0.3875584326397372

3.183084434839215e-05, 3.863755467102168e-06
0.09683216418707234, -0.37310676645030455
-0.2624100825775918, 0.674794369153011
0.36721328203330805, 0.9307295254403172
1.2260063642884518, 0.9045104381867966
5.1782188830631855, 0.5248559620899298
9.574408451507411, 0.38918595312964693

3.208704560035018e-05, 3.905248335126667e-06
0.10460673549996431, -0.3709883082195554
-0.26787676249326126, 0.6726456492920978
0.36256007559314846, 0.9325559495153346
1.2235978785711035, 0.9077679836897596
5.1779983079695775, 0.5270445442527916
9.574342962121147, 0.3908134625985407

3.234419569945454e-05, 3.946987188901555e-06
0.11233558906011935, -0.3687079161774223
-0.2733257879702625, 0.6704526277702774
0.35789782395099307, 0.9343590965061905
1.2211807447443437, 0.9110191111919013
5.1777768151033685, 0.5292330329440524
9.574277199454986, 0.39244096100033027

3.260229393432659e-05, 3.988972361495266e-06
0.12001534618263472, -0.36626656994074935
-0.278756800317635, 0.6682154496059245
0.35322664358319333, 0.9361389216781848
1.2187549799155617, 0.914263797723552
5.177554404504632, 0.5314214277756967
9.57421116351096, 0.39406844828892723

3.286133959221119e-05, 4.031204188839128e-06
0.1276426490030786, -0.36366531984348804
-0.2841694420369291, 0.6659342627160502
0.34854665118642303, 0.9378953808799693
1.216320601253141, 0.9175020203607189
5.177331076213615, 0.5336097283597258
9.574144854291095, 0.39569592441824386

3.312133195879555e-05, 4.073683009675465e-06
0.13521416196649944, -0.3609052864988441
-0.2895633568455356, 0.6636092179064632
0.3438579636747517, 0.9396284305446223
1.2138776259863346, 0.9207337562252458
5.17710683027072, 0.5357979343081589
9.574078271797445, 0.39732338934219236

3.338227031802908e-05, 4.116409165500985e-06
0.1427265733073738, -0.3579876603297096
-0.29493818969993224, 0.6612404688617471
0.33916069817671307, 0.9413380276907095
1.2114260714051437, 0.9239589824849734
5.176881666716528, 0.537986045233034
9.574011416032054, 0.39895084301468575

3.364415395194495e-05, 4.159383000505382e-06
0.15017659651980184, -0.35491370106756326
-0.30029358681884905, 0.6588281721350485
0.33445497203236857, 0.9430241299233276
1.2089659548601934, 0.9271776763539041
5.176655585591767, 0.5401740607464067
9.573944286996985, 0.4005782853896368

3.3906982140482864e-05, 4.20260486150524e-06
0.15756097181726353, -0.3516847372200376
-0.3056291957063465, 0.6563724871376839
0.32974090279036433, 0.9446866954351386
1.206497293762609, 0.9303898150923606
5.176428586937353, 0.5423619804603491
9.573876884694302, 0.4022057164209586

3.4170754161313856e-05, 4.246075097873295e-06
0.1648764675812527, -0.34830216550736653
-0.31094466517480923, 0.6538735761285592
0.32501860820498574, 0.946325683007383
1.2040201055838946, 0.9335953760071474
5.176200670794349, 0.544549803986953
9.57380920912608, 0.4038331360625645

3.443546928966663e-05, 4.289794061463026e-06
0.17211988179811002, -0.3447674502679404
-0.316239645367852, 0.6513316042034106
0.32028820623320536, 0.9479410520108811
1.201534407855805, 0.9367943364517097
5.1759718372039965, 0.546737530938328
9.573741260294407, 0.4054605442683684

3.470112679815564e-05, 4.333762106528662e-06
0.17928804348338134, -0.34108212283321676
-0.32151378778313616, 0.648746739283857
0.31554981503172647, 0.9495327624070211
1.199040218170224, 0.9399866738262957
5.175742086207695, 0.548925160926602
9.573673038201377, 0.40708794099228407

3.496772595661153e-05, 4.377979589640627e-06
0.18637781409303109, -0.33724778087224244
-0.3267667452950961, 0.6461191521062766
0.3108035529540224, 0.9511007747487298
1.1965375541790375, 0.9431723655781143
5.175511417847018, 0.5511126935639201
9.573604542849097, 0.4087153261882261

3.523526603191319e-05, 4.422446869596479e-06
0.19338608892084824, -0.33326608770606614
-0.3319981721775731, 0.6434490162104953
0.30604953854737105, 0.952645050181428
1.194026433594008, 0.9463513892014959
5.175279832163696, 0.5533001284624471
9.573535774239662, 0.41034269981010896

3.5503746287822456e-05, 4.467164307327382e-06
0.20030979848138558, -0.3291387715923281
-0.33720772412635786, 0.6407365079283031
0.30128789054988364, 0.9541655504439747
1.1915068741866477, 0.9495237222380489
5.175047329199637, 0.5554874652343652
9.57346673237521, 0.4119700618118473

3.5773165984820714e-05, 4.512132265800159e-06
0.20714590987778062, -0.3248676249803361
-0.34239505828163647, 0.6379818063717834
0.29651872788753175, 0.9556622378695904
1.188978893788095, 0.9526893422768211
5.1748139089968985, 0.5576747034918758
9.573397417257857, 0.4135974121473564

3.6043524379948155e-05, 4.557351109914975e-06
0.2138914281538131, -0.3204545037369432
-0.34755983325034034, 0.6351850934214676
0.2917421696711672, 0.9571350753867723
1.1864425102889855, 0.9558482269544556
5.174579571597717, 0.5598618428471982
9.573327828889733, 0.4152247507705513

3.631482072664535e-05, 4.602821206398708e-06
0.22054339762955938, -0.31590132634356627
-0.3527017091284004, 0.6323465537143119
0.2869583351935387, 0.9585840265201898
1.1838977416393228, 0.9590003539553507
5.174344317044487, 0.5620488829125714
9.573257967272992, 0.4168520776353482

3.6587054274597593e-05, 4.648542923694069e-06
0.2270989032200138, -0.3112100730646932
-0.35782034752290015, 0.6294663746314956
0.28216734392630466, 0.9600090553915652
1.1813446058483534, 0.9621457010118166
5.174108145379776, 0.5642358233002512
9.573187832409785, 0.4184793926956627

3.6860224269581695e-05, 4.694516631844521e-06
0.23355507173605086, -0.3063827850882431
-0.3629154115741306, 0.6265447462860423
0.2773693155170416, 0.9614101267205417
1.1787831209844384, 0.965284245904232
5.173871056646313, 0.5664226636225144
9.573117424302266, 0.4201066959054115

3.713432995331592e-05, 4.740742702375061e-06
0.2399090731671141, -0.3014215636381564
-0.3679865659775419, 0.6235818615102668
0.27256436978624754, 0.9627872058255359
1.176213305174923, 0.9684159664612015
5.17363305088699, 0.5686094034916561
9.573046742952611, 0.4217339872185106

3.7409370563312566e-05, 4.787221508168923e-06
0.24615812194502235, -0.2963285690596083
-0.37303347700559364, 0.6205779158430474
0.26775262672434286, 0.9641402586245726
1.1736351766060116, 0.9715408405597123
5.1733941281448725, 0.5707960425199888
9.572975788362992, 0.42336126658887685

3.768534533273348e-05, 4.833953423340281e-06
0.252299478188296, -0.29110601987725376
-0.37805581252949927, 0.6175331075169248
0.2629342064886664, 0.9654692516361082
1.1710487535226313, 0.9746588461252905
5.173154288463182, 0.5729825803198457
9.5729045605356, 0.4249885339704274

3.796225349024889e-05, 4.880938823103005e-06
0.25833044892641105, -0.28575619182691986
-0.3830532420408654, 0.6144476374450258
0.2581092294004677, 0.9667741519798364
1.1684540542283088, 0.9777699611321559
5.1729135318853166, 0.5751690165035784
9.572833059472623, 0.42661578931707983

3.824009425989928e-05, 4.928178083635546e-06
0.2642483893034014, -0.2802814168611829
-0.3880254366732243, 0.6113217092078184
0.2532778159418956, 0.9680549273774804
1.1658510970850358, 0.9808741636033792
5.172671858454834, 0.577355350683558
9.57276128517627, 0.42824303258275154

3.851886686096056e-05, 4.9756715819420215e-06
0.270050703760237, -0.2746840821292736
-0.3929720692234584, 0.6081555290396908
0.24844008675298276, 0.9693115461535682
1.1632399005131424, 0.9839714316110354
5.172429268215454, 0.5795415824721738
9.572689237648758, 0.42987026372136067

3.879857050781253e-05, 5.023419695709589e-06
0.27573484719541785, -0.26896662893177425
-0.397892814173114, 0.6049493058153654
0.2435961626286278, 0.9705439772361947
1.1606204829911615, 0.9870617432763595
5.172185761211068, 0.5817277114818354
9.572616916892288, 0.43149748268682514

3.90792044098108e-05, 5.071422803162132e-06
0.281298326103232, -0.2631315516505762
-0.4027873477096044, 0.601703251036139
0.23874616451557215, 0.9717521901577684
1.1579928630557004, 0.9901450767699016
5.171941337485737, 0.5839137373249722
9.572544322909094, 0.43312468943306376

3.936076777116243e-05, 5.119681282910435e-06
0.28673869968913573, -0.25718139665458695
-0.40765534774730106, 0.5984175788159577
0.23389021350937456, 0.9729361550557407
1.1553570593013085, 0.993221410311678
5.171695997083676, 0.5860996596140312
9.57247145570142, 0.43475188391399544

3.9643259790804943e-05, 5.168195513798809e-06
0.29205358096172884, -0.2511187611816808
-0.41249649394851085, 0.5950925058673211
0.229028430851382, 0.974095842673323
1.152713090380343, 0.9962907221713295
5.171449740049278, 0.5882854779614809
9.572398315271506, 0.43637906608353916

3.9926679662289194e-05, 5.216965874748365e-06
0.2972406378008052, -0.24494629219740624
-0.4173104677443373, 0.5917282514870245
0.2241609379256967, 0.9752312243601876
1.1500609750028383, 0.9993529906682704
5.1712025664270875, 0.5904711919798087
9.572324901621606, 0.4380062358956144

4.021102657366584e-05, 5.2659927445969075e-06
0.30229759400097095, -0.23866668523096848
-0.4220969523554282, 0.5883250375417267
0.21928785625614095, 0.9763422720731508
1.1474007319363722, 1.0024081941718443
5.170954476261832, 0.5926568012815205
9.57225121475397, 0.4396333933041406

4.0496299707375935e-05, 5.315276501935621e-06
0.30722223029033796, -0.23228268318902245
-0.42685563281260314, 0.5848830884533647
0.2144093075032176, 0.9774289583768452
1.144732380005931, 1.005456311101475
5.170705469598392, 0.5948423054791441
9.572177254670885, 0.4412605382630381

4.078249824014525e-05, 5.364817524942633e-06
0.31201238532380565, -0.22579707514781988
-0.4315861959773625, 0.5814026311843946
0.20952541346106834, 0.9784912564443746
1.1420559380937778, 1.008497319926821
5.170455546481814, 0.5970277041852251
9.572103021374623, 0.44288767072622703

4.1069621342882706e-05, 5.414616191213472e-06
0.31666595665046215, -0.2192126951242648
-0.4362883305622775, 0.5778838952228749
0.2046362960544287, 0.9795291400579534
1.1393714251393183, 1.0115311991679234
5.17020470695732, 0.5992129970123312
9.572028514867469, 0.4445147906476283

4.1357668180582774e-05, 5.4646728775885635e-06
0.32118090165465046, -0.21253242082644486
-0.4409617271512585, 0.5743271125673858
0.19974207733557967, 0.9805425836095291
1.1366788601389635, 1.0145579273953635
5.169952951070292, 0.6013981835730465
9.571953735151709, 0.446141897981162

4.164663791223223e-05, 5.514987959977885e-06
0.3255552384702463, -0.20575917238421407
-0.44560607821970033, 0.5707325177117868
0.1948428794812971, 0.981531562101394
1.1339782621459966, 1.0175774832304074
5.16970027886627, 0.6035832634799786
9.571878682229663, 0.4477689926807503

4.193652969072093e-05, 5.565561813182816e-06
0.32978704686772325, -0.1988959110604127
-0.4502210781545029, 0.5671003476298192
0.18993882478979793, 0.9824960511467793
1.1312696502704365, 1.0205898453451627
5.1694466903909735, 0.6057682363457538
9.57180335610363, 0.4493960747003142

4.222734266275701e-05, 5.61639481071531e-06
0.33387446911358243, -0.19194563794332187
-0.454806423273969, 0.5634308417595428
0.18503003567768372, 0.9834360269704309
1.1285530436789015, 1.0235949924627237
5.169192185690275, 0.6079531017830188
9.571727756775937, 0.45102314399377563

4.251907596878634e-05, 5.66748732461447e-06
0.3378157108017409, -0.18491139262095682
-0.4593618118475736, 0.5597242419876189
0.1801166346768818, 0.9843514664091759
1.1258284615944754, 1.026592903357324
5.168936764810221, 0.6101378594044401
9.571651884248915, 0.4526502005150568

4.281172874291648e-05, 5.718839725260664e-06
0.3416090416564918, -0.17779625183781406
-0.46388694411560644, 0.5559807926334365
0.17519874443158362, 0.9852423469124678
1.1230959232965667, 1.0295835568544887
5.168680427797021, 0.612322508822705
9.571575738524897, 0.45427724421808013

4.310530011284509e-05, 5.77045238118724e-06
0.345252796306653, -0.1706033281346955
-0.46838152230868557, 0.5522007404330815
0.17027648769518036, 0.9861086465429203
1.120355448120776, 1.0325669318311779
5.16842317469705, 0.6145070496505207
9.571499319606227, 0.4559042750567682

4.3399789199792786e-05, 5.8223256588899596e-06
0.3487453750305462, -0.16333576847224204
-0.4728452506671412, 0.5483843345231497
0.1653499873271969, 0.9869503439768246
1.1176070554587547, 1.0355430072159417
5.168165005556848, 0.6166914815006156
9.571422627495247, 0.4575312929850443

4.369519511844074e-05, 5.874459922634258e-06
0.3520852444714551, -0.15599675283881376
-0.47727783546026825, 0.5445318264244087
0.16041936629022283, 0.9877674185046526
1.1148507647580683, 1.0385117619890663
5.167905920423122, 0.6188758039857378
9.571345662194336, 0.4591582979568317

4.3991516976872755e-05, 5.926855534260417e-06
0.35527093832322915, -0.14858949284336753
-0.481678985005446, 0.5406434700253057
0.15548474764684114, 0.9885598500315413
1.112086595522059, 1.0414731751827206
5.167645919342747, 0.6210600167186573
9.571268423705865, 0.46078528992605405

4.4288753876522155e-05, 5.979512852986804e-06
0.3583010579857141, -0.14111723029398415
-0.4860484096871251, 0.5367195215653237
0.15054625455655543, 0.989327619077765
1.109314567309706, 1.0444272258811056
5.167385002362756, 0.6232441193121632
9.571190912032197, 0.4624122688466352

4.458690491212333e-05, 6.032432235211206e-06
0.3611742731897039, -0.13358323576270706
-0.4903858219756788, 0.5327602396181882
0.14560401027271427, 0.9900707067791911
1.106534699735488, 1.0473738932206027
5.16712316953035, 0.6254281113790661
9.571113127175732, 0.46403923467249975

4.488596917166814e-05, 6.0856140343104466e-06
0.3638893225911265, -0.12599080713736233
-0.4946909364461192, 0.5287658850749217
0.14065813813943398, 0.9907890948877206
1.1037470124692408, 1.0503131563899202
5.166860420892904, 0.627611992532198
9.571035069138862, 0.4656661873575721

4.518594573636706e-05, 6.139058600438343e-06
0.36644501433418863, -0.11834326816103168
-0.49896346979667544, 0.5247367211267523
0.13570876158851897, 0.9914827657717135
1.100951525236019, 1.0532449946302385
5.16659675649795, 0.6297957623844109
9.570956737923991, 0.46729312685577723

4.548683368061519e-05, 6.192766280322136e-06
0.36884022658322124, -0.1106439669598617
-0.5032031408672343, 0.5206730132478747
0.13075600413638094, 0.9921517024163978
1.0981482578159552, 1.05616938723536
5.166332176393187, 0.6319794205485776
9.57087813353353, 0.4689200531210403

4.57886320719633e-05, 6.246737417057508e-06
0.3710739080229822, -0.1028962745598929
-0.507409670657641, 0.516575029178064
0.12579998938095563, 0.9927958884242651
1.0953372300441213, 1.059086313551851
5.166066680626476, 0.6341629666375928
9.570799255969899, 0.4705469661072869

4.609133997109363e-05, 6.300972349902274e-06
0.3731450783271895, -0.09510358339360046
-0.5115827823458607, 0.5124430389051453
0.12084084099861854, 0.9934153080154478
1.092518461810386, 1.0619957529791901
5.165800269245854, 0.6363464002643718
9.570720105235527, 0.47217386576844295

4.639495643180079e-05, 6.355471414068883e-06
0.37505282859507455, -0.08726930579684158
-0.5157222013059968, 0.5082773146473178
0.11587868274109817, 0.9940099460280833
1.0896919730592718, 1.0648976849699128
5.16553294229952, 0.6385297210418516
9.570640681332854, 0.4738007520584348

4.669948050097758e-05, 6.4102349405158525e-06
0.3767963217557569, -0.07939687249691005
-0.5198276551261662, 0.5040781308353387
0.11091363843238823, 0.994579787918662
1.0868577837898166, 1.0677920890297554
5.165264699835827, 0.6407129285829899
9.570560984264324, 0.4754276249311889

4.70049112186059e-05, 6.465263255738205e-06
0.37837479294026366, -0.07148973109240103
-0.5238988736262334, 0.49984576409456294
0.10594583196565836, 0.9951248197623611
1.084015914055427, 1.0706789447178011
5.164995541903305, 0.6428960225007662
9.570481014032394, 0.4770544843406319

4.7311247617752564e-05, 6.520556681557075e-06
0.3797875498210278, -0.06355134452559381
-0.5279355888753966, 0.495580493226844
0.1009753873001633, 0.9956450282533589
1.0811663839637413, 1.0735582316466226
5.1647254685506505, 0.6450790024081806
9.570400770639527, 0.4786813302406915

4.7618488724570474e-05, 6.5761155349085625e-06
0.38103397291871943, -0.055585189548062956
-0.5319375352096289, 0.4912825991922946
0.09600242845815063, 0.9961404007051397
1.0783092136764811, 1.076429929482427
5.164454479826721, 0.6472618679182554
9.570320254088193, 0.48030816258529463

4.792663355830456e-05, 6.6319401276319784e-06
0.38211351587627784, -0.04759475518023093
-0.5359044492489744, 0.4869523650909086
0.09102707952176782, 0.9966109250507784
1.075444423409311, 1.079294017945199
5.164182575780534, 0.649444618644035
9.570239464380869, 0.48193498132836926

4.8235681131303006e-05, 6.688030766257559e-06
0.38302570570002736, -0.039583541165578016
-0.5398360699146916, 0.4825900761440474
0.08604946462996718, 0.9970565898432115
1.0725720334316944, 1.082150476808841
5.163909756461287, 0.6516272541985841
9.570158401520043, 0.4835617864238437

4.854563044903361e-05, 6.74438775179382e-06
0.38377014296778134, -0.03155505642022691
-0.5437321384462518, 0.47819601967578956
0.0810697079754106, 0.9974773842554936
1.0696920640667504, 1.0849992859013227
5.163636021918328, 0.6538097741949895
9.570077065508215, 0.48518857782564623

4.8856480510105156e-05, 6.801011379514596e-06
0.384346502003848, -0.023512817478621197
-0.5475923984181853, 0.47377048509414565
0.07608793380137262, 0.9978732980810356
1.0668045356911073, 1.087840425104815
5.163361372201182, 0.6559921782463608
9.569995456347888, 0.4868153554877057

