6.5181737530742065
6.522767620216334
6.532656033065893
6.547851193105368
6.568442111479393
6.594605314288189
6.626603435822968
6.664797491727425
6.709657321752059
6.761785491454102
6.821915073848306
6.890934004113351
6.969926397619917
7.060159615116523
7.163095727539229
7.280340130518371
7.413462216265134
7.56360523872662
7.730584936003216
7.910966606210845
8.094301390510791
8.256728084861274
8.353996917950994
8.329067885947682
8.174591668715
8.047583240460215
8.19243969389974
8.566699566368019
8.848602458094616
8.867424244357363
8.789599214667069
8.933985717800168
9.353227780881602
9.815507084917865
10.161465016928332
10.378063441584096
10.474139220702007
10.401545990868836
10.078476010023602
9.603137353553185
9.463805276034435
9.921131724315657
10.518119905931785
10.901696194580136
11.111477968123946
11.238633330518146
11.265812358592353
11.144421553619067
10.932762748128383
10.796952971614333
10.84155752618451
11.083707179964772
11.50792088970222
11.97772498745315
12.312005028852942
12.425121960690783
12.324327452446118
12.08943001687595
11.86247025856872
11.78956801893605
11.988178963645993
12.433776696804765
12.829154800485085
12.843764742756939
12.410104813494904
11.8655745421345
11.75159187311817
12.098841538207552
12.390341754554692
12.305332484007083
11.896506915900659
11.395896516770618
11.230716477060199
11.673978346738233
12.338297766038869
12.777963098690236
12.910386792194775
12.728028072950837
12.035063594672117
10.571671083271303
9.00427172030535
8.78697893195761
9.728301491055236
10.866262715745718
11.554052654829498
11.764157604018587
11.731732792154576
11.620551359360295
11.495148218366849
11.371615709425987
11.263043381836555
11.204248910083466
11.22084430803884
11.229179195595691
10.986380438680932
10.391383301807245
10.162649606713053
10.970577103497945
11.986113844278458
12.554572744920366
12.75860240441506
12.712041422533567
12.324640687570554
11.458529057446123
10.429019451684068
10.671862232671842
12.325875877314228
13.515472265291217
13.798556819722322
13.63231557123988
13.366342483119979
13.112983760763798
12.918856651929516
12.873488847984232
12.978932174811542
13.057253003064451
12.883351551340974
12.393354136911311
11.800048377963021
11.450453820639675
11.587183662059841
12.134110133359664
12.687216189239884
12.98949069066148
13.038623367956674
12.858279762210257
12.382570575871497
11.538944000111767
10.576628463837698
10.230915532339194
10.814649367855557
11.665192416952074
12.21870176671013
12.448427966957059
12.496889580418397
12.449857423085426
12.294801134847654
11.929184772818783
11.239301158064938
10.379197521903542
9.99077021296659
10.47472234669926
11.334814741073245
12.00364692047592
12.368417945167396
12.530992968274578
12.58600432540259
12.569379698901841
12.47830946343904
12.315994014073269
12.12782277196148
11.963201988903386
11.798322568893592
11.587151550920739
11.381438094023675
11.349797624088175
11.649337210486562
12.196091961108124
12.729526250600827
13.088283606543342
13.261737686018694
13.289888289854769
13.197716568841233
12.995165502140887
12.707173601486486
12.35767632863367
11.908924139102455
11.424924999331255
11.325134158963635
11.854216362736384
12.623464378584936
13.216753849697604
13.529535804587207
13.610850723532064
13.503863919781255
13.193633675235086
12.671718943032504
12.1853592028369
12.264210256227269
12.893899664756576
13.436919736423658
13.500553736710168
13.064222048478513
12.495468900990476
12.396275852264504
12.693486769323858
12.93860304491362
13.16272061889009
13.44634808947453
13.647455766460428
13.712503419299303
13.729348479717375
13.700343180505017
13.400965715905278
12.654069805517604
12.126792018483833
12.686296852863816
13.613518430133258
14.247599846586017
14.708718711497768
15.1315449692252
15.473740910150775
15.601295192658359
15.316655051810448
14.47935132327613
13.528282869212916
13.338076417082185
13.663146545197513
13.894407515564506
14.054304024187172
14.233558053511151
14.44378962842565
14.761226922673941
15.205559940902965
15.649729485338398
15.979956638169275
16.168218638303593
16.191431875315082
15.961696663589525
15.370283207150955
14.50715249403249
13.789389432931133
13.626920860806964
14.151617460587493
15.083792619277343
15.965658455493724
16.606434428543956
17.04840298444089
17.381675122293714
17.659607941726367
17.85847446682268
17.82649641620313
17.22931281670213
15.651349609205916
13.285761272018114
11.891359986265249
12.840025275232366
14.723733747759598
16.257380864452614
17.0734431864376
17.138207803698744
16.825419445954278
16.688698608586936
16.789050975724514
16.704992940104564
16.051821995244946
14.695519532948655
13.375198843073182
13.36132917662399
14.33839701656435
15.369086497820811
16.03490926092604
16.205479542193167
15.863377668793083
15.19485444784887
14.669744702361754
14.454650181441007
14.434284732662393
14.71235006808373
14.829061884751775
14.409280684921098
14.030343422609267
14.187221894729772
14.647525034862198
15.079549450649663
15.307482875353013
15.352594989916327
15.33970129185689
15.341423292942183
15.320736166730603
15.194548480963865
14.963477900328606
14.828997088516113
15.046887455934552
15.547704429031223
16.030574930280054
16.33008107726776
16.45141906273268
16.468885920845175
16.470092751601747
16.500089477976008
16.531084759260068
16.531217390019012
16.496984189500626
16.352479574043976
16.06198777123609
16.008000015947783
16.63291147071917
17.570809084808317
18.195093863744592
18.314030774090103
17.968837938582926
17.232723917500802
16.34883793854926
15.842659183437561
16.028044911251193
16.56104250803106
16.925546610720847
16.868957012129165
16.565416696657003
16.55525578284696
16.797758530615095
16.52695935896525
15.129013363643521
13.632122378871912
14.517819099430909
16.146939825253142
16.8873041109951
17.060091377098534
17.031111282353343
16.896274847600615
16.52464412595236
15.58347343048663
14.12096142255781
13.552634570012808
14.117351527167582
14.36868859143614
14.37967520254296
14.694593196591873
15.024100991852226
14.7843307724522
14.07025587124733
13.875713016405411
14.530359815830149
15.174205752739585
15.321378234362761
14.824966836266746
13.60816283210877
12.62762447751056
13.184099440486783
14.129358352525756
14.498863303914435
14.488512777820747
14.373519220358942
14.274597505825808
14.227753795987136
14.236908025248614
14.295607915735765
14.391759856756842
14.495916647908423
14.528222414386335
14.329643291749175
13.76690863665544
13.076294391180962
12.783583245739788
12.990291915423617
13.551636783354915
14.176372130611385
14.58285275627867
14.783923879450562
14.900640546636515
14.998857638189488
15.090489929314812
15.172116757747135
15.239750074908251
15.284403513572755
15.28557585697704
15.214599860365638
15.061702479422152
14.896486041452324
14.901166798329742
15.215089407169005
15.701627820100486
16.059137545468616
16.119463183502226
15.98054092782957
15.940946712088088
16.143022623156796
16.303097669460772
16.044442893253937
15.434410298271983
15.18204487252798
15.72605530227865
16.48251992658054
16.909718428214543
16.986800742698197
16.857947512146552
16.640854063619802
16.428319672808215
16.31734429691014
16.365663434454973
16.509146068193974
16.553681124740752
16.258541798983252
15.499952318601995
14.527501275842562
14.12659681698444
14.78181725913954
15.643738806225754
15.944486585406421
15.729659806718201
15.325096348999855
15.075783699940636
15.140335470612241
15.379828336437988
15.600930668494676
15.740418011192393
15.808935940213416
15.79924797104662
15.648051979013811
15.280902273043877
14.827380848942969
14.753202243887847
15.204624118110392
15.652511080820327
15.675718223695618
15.288024668113597
14.855689510945329
14.848920152031054
15.349091263618936
16.07909019369827
16.780283992684204
17.31663877930787
17.625489524021532
17.65838116328838
17.38579341341108
16.936577023185475
16.692477823916928
16.836994911186768
16.972533325407635
16.74964411664842
16.232644785923544
15.805837316836858
15.983222474909354
16.62512752334129
17.092156332382594
17.025709489847237
16.411954431460114
15.465696692633081
14.733320321230089
14.727112283454792
15.212018903362774
15.637381092582135
15.807410593695362
15.788961795922752
15.68430203290569
15.561245890752597
15.458518645298224
15.401562259588852
15.410445145847959
15.495326776277174
15.639809285519188
15.776006295988415
15.745331512549715
15.229314650921898
13.827533727640109
12.209939585582884
12.593248510100109
14.2791069932928
15.565334916209007
16.316314644686802
16.7297503256409
16.962613536313853
17.12442332215423
17.272782453195862
17.412701371239283
17.49602980130503
17.426012194561736
17.112395027448795
16.664022232182887
16.557596335786865
17.116074558610027
17.898417395248146
18.31051556924995
18.25707130633144
17.93506603859691
17.264544799393796
16.427881282121035
16.7162592448516
17.54863622801121
18.083477924154607
18.723338325569273
19.02567129563202
18.655156766963195
18.006337567864424
17.71873060251716
18.080615730689207
18.71680063633737
19.147241882811613
19.236937880164678
19.015104430913375
18.47962841033295
17.612546004184285
16.635353638757636
16.239986845028678
16.68632700869368
17.30825266684285
17.685528820790804
17.772851701744585
17.516566033473612
16.713644700233115
15.37705566192156
14.564946671463787
15.068128259346839
15.8182953876468
16.072314351243385
15.98782931737106
15.776433401455682
15.506904866380951
15.205495202547128
14.894666503248313
14.58120170188724
14.265931761724545
13.981177397985073
13.797375555136373
13.755546319085523
13.809309823123385
13.871168726580294
13.885130293208752
13.838803902849138
13.74144084095173
13.607050745278332
13.44576534830357
13.261614548615153
13.075972236202517
12.977800540090895
13.099534050324934
13.46486343216891
13.947405777886507
14.418197851875112
14.81857498454925
15.108265964961939
15.204557169486073
14.966592915197394
14.276645091171707
13.277252798093889
12.541170688567112
12.677625755131965
13.495981747947866
13.974899617188065
14.005599827541987
14.89494240755417
16.296804246593187
17.10287560914145
17.232993082667587
16.791378587033073
15.803919999821918
14.507498688980235
13.29197117185479
12.896849865908148
13.839730869083775
15.214310757659483
16.022541304058674
16.178666295209666
16.014265059398145
15.794024384462018
15.63581164003083
15.570909793943526
15.603425973703505
15.725599108683378
15.914137801281601
16.137940424964604
16.367576945392063
16.569331774116918
16.683875397601135
16.59882546372504
16.145972919937602
15.256892546332576
14.420802226921055
14.508833564706869
15.302787025983163
15.94582942109976
16.2283557104351
16.316787175147674
16.32056333560623
16.248058999518065
16.067857507218932
15.771803064211719
15.414963464536696
15.113941428253938
15.03980996049665
15.251795077126932
15.553739983039744
15.686123077694143
15.558825326955317
15.28683882547512
15.077153024460378
15.040843059965013
15.114016533015915
15.175734920840412
15.155740889858953
15.03280119843885
14.814227438456534
14.558877904550366
14.403247812505601
14.475582471848147
14.749746691039055
15.085643229962033
15.383927404480493
15.623923333566594
15.817520073804875
15.977198196071908
16.116571636493138
16.26553670284487
16.467660989820484
16.728922666498946
16.935548286189395
16.79388379524335
15.951305065691123
14.88578011275575
15.18708494822624
16.506603387324557
17.541044890932373
18.125848716273175
18.479993766004466
18.680200180309637
18.62553722621904
18.328923692932115
18.14916316517491
18.341624701517667
18.633339739920366
18.75880289698037
18.75976712416471
18.78580915411791
18.927101762564956
19.144188097554792
19.220976158651748
18.662828273571435
16.871283215472733
15.127332098812253
16.447916860681254
18.837411879737587
19.883969019285125
19.889659391816686
19.443948746463853
18.83466030108871
18.32037761757383
18.251805010487516
18.410207839061414
18.15534882308237
17.54227710872374
17.36093527147747
17.981535807075463
18.79807798931314
19.294265785478185
19.475776700548852
19.41515836789761
19.159226500577805
19.001512171684322
19.245699814221265
19.68293556986315
19.95614369241653
19.971993648079597
19.768891861006434
19.37824390372764
18.856220813347797
18.337815606579472
18.009702963509554
18.092069189602235
18.574775971988164
19.056456937063956
19.243375640156334
19.148701040280397
18.93426972310256
18.784580571529165
18.75308910318155
18.68941897347337
18.42038814246468
18.007394936816123
17.772425087910456
17.882255807817216
18.14261925606189
18.38653353695642
18.624355668647734
18.89510001726407
19.18996246822104
19.465015901047703
19.64242964602301
19.572089501200157
19.040153693464035
18.10571105037077
17.560126295069512
17.819332712890606
18.08444813275178
17.833715225617507
18.078117284240907
19.414575077866846
20.373133690198774
20.59741994896719
20.623890221056854
20.770668021421162
21.00064961125083
21.175375648104644
21.236703675538543
21.22608346947366
21.24577238444798
21.371613145593738
21.558562791806132
21.661751691839992
21.603970495447065
21.610951217251362
22.059201537115257
22.677455265014284
22.78840791106429
22.424533894301018
22.061303337144146
21.713938838207408
21.71943001345292
22.79079909352123
24.153318317533493
24.515870415428214
23.061039219182334
20.796309303803696
21.218649702084402
21.813725339295267
21.17504389406158
20.851441516783144
21.449294876001158
22.41799957694847
23.07617413030525
23.406411135278685
23.60031202818954
23.616537978932243
22.873046809334063
20.345635142183756
18.314158631708036
19.613330375803937
21.02414135985699
22.00935916393954
21.726954481236653
20.805725081564347
20.795846135957476
21.744757721100875
22.524295072148128
22.40050840230707
20.780003393497882
18.706349969992573
19.8735719554331
21.892342419465713
22.669128315273596
22.839731236986122
22.8580561537347
22.83257970087304
22.701927172048062
22.23724332701384
21.042006471857107
19.29791184203717
18.95748629341018
20.311234574507818
21.514818353273014
22.106160810955036
22.13654901833763
21.45749993858852
19.99494607408394
19.133535306195522
20.154170680479154
21.143154962355716
21.221059688641315
20.910234298611982
20.740549400972625
20.904793777701133
21.275534427716476
21.61750914798567
21.727469725812742
21.390300726893543
20.425004229293613
19.27787351226974
19.029754418807503
19.475917188449543
19.748449804491752
19.622445365524534
19.343974783982933
19.32002171672639
19.575851965194655
19.7954879956607
19.762955572361903
19.504529513659055
19.241101913084908
19.219028751316465
19.470924836948345
19.81637468266342
20.0657913530099
20.12801787342556
20.017252648384904
19.84204774979211
19.717313373166984
19.593310869052825
19.26241970542658
18.698480194615843
18.257817953990774
18.212837403367296
18.394909099676116
18.594710439764068
18.761305199407005
18.854348222376434
18.84875678572478
18.634224460293304
18.307149074795934
18.184170034261008
18.30794910941249
18.45299863792567
18.414795492314862
17.96694811528902
16.845221287616898
15.55511835119098
15.655068567946845
16.636109259277568
17.137886501132744
17.138173243590714
16.959317779817543
16.799555405581735
16.74122603091352
16.786806744813674
16.89911035147479
17.031474347398742
17.130155696410405
17.1318199429631
16.978623883824277
16.656852698298653
16.245139395585216
15.917327844640711
15.848468450411184
16.054617915612354
16.3233013422801
16.419852754837194
16.326424467668794
16.158295220429583
15.962237889586293
15.772244664851067
15.732669518475998
15.954027588521841
16.308943434863362
16.574008794780802
16.661194904580967
16.606491357587387
16.476346509975585
16.327228326618847
16.199168749761135
16.10870107578825
16.037906390766846
15.937261744245788
15.760169816816823
15.541443723982198
15.448082311780041
15.584548025355886
15.739239522681585
15.60549730193414
15.1743827974351
14.826706098378716
14.941559626313047
15.378603431600547
15.710968337936418
15.725785481027717
15.474679526541665
15.1301874355003
14.870367229246618
14.799294966158795
14.914615371243345
15.12460129386005
15.315264497512656
15.42079068076388
15.434303261653584
15.375848162173458
15.26238960726413
15.094707695406864
14.861006436507914
14.56280848746928
14.26095419048682
14.079631159308118
14.092412138206377
14.226254613121682
14.359579543475208
14.4498239811577
14.531625530877685
14.652092949623183
14.826799316362209
15.039560846500134
15.265215777560519
15.484129473733427
15.679900598136008
15.829958676328648
15.899810018885622
15.849664683678894
15.659618783729472
15.363135597148675
15.058492114380615
14.885383974545995
14.96184481858259
15.279208845193287
15.682147188197824
15.999442783986128
16.155151187350338
16.168053990314164
16.10249886723104
16.025919842880718
15.982742251544957
15.984487296543339
16.016631630953842
16.054447445405028
16.077712324859668
16.08061807844288
16.072456919445795
16.063576471054752
16.0679999464962
16.17177025705482
16.53967572327764
17.19507861834186
17.939403074034097
18.587328262136495
19.063452546239215
19.30586997443767
19.202056095055347
18.67013489428408
17.899685306965516
17.544300376217635
18.250464395562602
19.72071458165351
21.218406495236785
22.30240810333961
22.580038644255648
21.451393564952596
18.545890490278538
16.422245804924703
19.271543896460454
21.83822068385227
21.94463236322013
19.894689864865036
16.79733085967098
16.290931373600415
16.88569291063555
18.178890071473038
20.049622987551647
21.145910861967668
21.172881499398063
20.539385495367934
19.83328978658475
19.515960423120152
19.275899423107298
18.49485180989469
17.707034196745273
18.17411771325381
19.271146323151488
19.90886199760815
20.158824423569335
20.288643798771812
20.333434805979962
20.253245936211314
20.042716322458798
19.759187109880717
19.517937285982466
19.403871646379685
19.39602383797798
19.425376846630694
19.477280386660336
19.53976883270818
19.47009441123643
19.125560288397235
18.642093453845337
18.545024640290343
18.814455100982165
18.66322917908484
18.39299827801014
18.871540535509443
19.578326131955965
19.88752978983569
19.824993338365623
19.526794691928718
19.10036343990517
18.72830014384504
18.55984738067742
18.483246415349893
18.34527571349902
18.231458488890503
18.26511636502321
18.306705985618343
18.074964244033012
17.734977142134767
17.861750616765995
18.340005414544134
18.694341218916463
18.930072213600578
19.21930126372354
19.452618404067707
19.379355012386277
18.943340356856428
18.382829929957232
18.11303933636628
18.254338295520107
18.481199104893378
18.45533263289006
17.98012025672364
17.102263590780854
16.546938676701842
16.916589944387564
17.50678028574164
17.737710752164816
17.696047148005633
17.58929386176621
17.533829437955113
17.555765404466808
17.62892010319954
17.70847286329988
17.7442078092378
17.691429789561997
17.567720624764902
17.527992694399636
17.746604618170778
18.150064918132028
18.486668935633094
18.566896007448012
18.313210215467763
17.88129420543883
17.734483678404196
17.84696561966048
17.33208219846552
16.011220815205444
15.902009742435304
17.44492568239595
18.59949195003745
18.852597758867773
18.384238333458864
17.405459278171495
16.601209455656132
16.729381275810177
17.350900787628916
17.628010199334174
17.305683131168283
16.884823053330656
17.211899468461773
18.139221646491702
18.94467010157677
19.370039917444895
19.442820464696887
19.20539983754997
18.722903385123175
18.170388373294855
17.73075927369679
17.4669701916015
17.45654439050705
17.68218517330571
17.97113323533765
18.200085784425347
18.235502238237192
18.016315861635196
18.173274665125938
19.234474190756792
20.21054345628849
20.26243553858362
19.482715259343035
18.855132798773244
18.89477956930959
18.39487784507454
17.64989840289935
18.398714495710664
19.675651988248536
20.35675524803444
20.39003876645221
19.768475621685088
18.59054519927301
17.583128950988304
17.71951957402386
18.76512465862085
19.769459632077712
20.332165714810014
20.506755347014327
20.478875689187177
20.472316413822703
20.635754155449213
20.881776840522807
20.89683032720465
20.31842347801993
19.236204240454637
18.679612389112787
19.381279846863908
20.774569632526863
21.80291666266722
22.06796336078448
21.616412508479016
20.579069592475822
19.3014438761727
18.277831480555538
17.652732152600723
17.61810368480787
19.1620197350833
20.96289865310105
21.222628201904325
20.14955054987112
19.65271752077229
20.054866466244963
19.219519477075895
17.55045179009297
17.925692799663548
18.9624633132709
19.195501190071077
19.182890305254723
19.33979769310619
19.67735078574914
20.0227008870251
20.243974363033942
20.28625002021638
20.10046185540744
19.680758542598703
19.24884537176902
19.1935624964625
19.540283628957454
19.970063285996346
20.29658445863082
20.45684525380399
20.333610752039398
19.745460965362575
18.761901906723388
18.151350547579717
18.500155173891542
19.31286137422173
20.007526109689614
20.387508074827604
20.504714580922908
20.485655742131037
20.433705307007187
20.39075380884498
20.307641598860773
20.03470077260604
19.388880274123494
18.432294379992545
17.912174711628072
18.600629854045508
19.877178456332572
20.70685129320283
20.738666052984794
20.070122162804928
19.090278613913124
18.562840350216273
19.024483913509155
19.965273549581912
20.605099582597155
20.645362765906977
20.109771659295994
19.188019853313794
18.301780111406345
17.974331163185887
18.166672210566414
18.343919326102245
18.41518483534911
18.63892953215491
18.93480201035824
19.01244956536439
18.79942797439508
18.449811661274722
18.17273879577642
18.037955367127616
17.94062778431612
17.76577425176049
17.50277384639287
17.233175313635368
17.055280896113697
17.00216193553213
17.031621272468165
17.077531545636326
17.08194032914965
17.002374555055397
16.8291840539038
16.613391947038487
16.458483332267303
16.43661751426795
16.517441391655314
16.62257951378074
16.7208173981876
16.835863357075294
16.98470481301868
17.140462960832668
17.255797416391655
17.3003913222887
17.277790498527228
17.226107536443784
17.200550066407033
17.23651088785905
17.32739411312549
17.439017153035277
17.524260202160004
17.521321720194464
17.380433482313546
17.15763707030326
17.083646158910284
17.341641008048683
17.789519226302545
18.182619312630777
18.41973965254127
18.48328583002776
18.343715648038245
17.9592323293809
17.42312834662353
17.12591381388081
17.362110071157762
17.83908488213124
18.135652235181823
18.123540577895252
17.96831999716673
17.99491393048244
18.284557014836146
18.59312223341452
18.746634310668888
18.75209043086898
18.666907616812065
18.522686453893414
18.32229002186039
18.074334868138944
17.843914047391937
17.74977141525141
17.84589110448549
18.04718605571628
18.250300637448504
18.44918472038078
18.679391244193816
18.889496682780493
18.913233621056552
18.610539887919266
18.136647216888527
18.01877636528388
18.556504290154884
19.371098398985648
19.896742896304616
19.87692588888049
19.646567061272773
19.859631143058383
20.202542085220745
19.734409149033656
18.79032452055785
19.164727164200812
20.414663254630085
21.312241344744297
21.802785772102748
21.995685979324726
22.02817886183506
22.00622062933689
21.88724294105177
21.550216952899472
21.038639710007395
20.785638209989283
21.033989198066152
21.402363320749483
21.592023225455087
21.551714393715198
21.232505879701602
20.58994970830787
19.799873308142477
19.316823602714216
19.404156391464905
19.83367130352058
20.194720643635645
20.296722984432268
20.282990178548037
20.383842321114656
20.61532935308306
20.831770351111423
20.93175476488041
20.88607472505768
20.696633769663798
20.43822392353016
20.322283734265834
20.53501924772338
20.965507579742805
21.308797268831775
21.300945414904046
20.767869976396536
19.738487825728466
18.7552547183651
18.62453547442104
19.279103042448913
20.05627082901497
20.5716892181982
20.677283355755815
20.39309271956358
19.89017830594346
19.447538702339124
19.306623224443914
19.455071301359357
19.697316926349455
19.90488169969313
20.070276469034543
20.22526267796069
20.373311531086877
20.45542998562033
20.33500020166177
19.809006417115473
18.728219615746756
17.477093358527934
17.24546791856553
18.218887527992706
19.17439768399416
19.670543532722093
19.868695045817248
19.80713538264453
19.46290803775446
18.90170943161346
18.354669086355806
18.131773881063914
18.273788684540154
18.488327393481036
18.523006841611647
18.35367333997408
18.127368199084145
18.031848666925168
18.130778658462148
18.32405690209072
18.452244050032586
18.346261740510037
17.82689434690491
16.926643151976347
16.243126094321774
16.127872643097596
16.1197714615898
16.26075957838906
16.733075371045164
17.117839375357445
17.241302319210057
17.506569131835352
17.916929775516206
17.95341559617048
17.405954826077526
16.71727585865954
16.681265040471764
17.330494173728255
17.919222623360124
18.018626354784594
17.67037436353684
17.1230124034389
16.72806332217316
16.63612832466012
16.58619299548207
16.52556650763516
16.869736173763158
17.491469005046284
17.72681906381483
17.36661706728086
16.669851990675333
16.06530393161337
15.798605669189564
15.839115690507903
16.12139211876467
16.461655490276137
16.66569861977241
16.708186580399577
16.63642872928232
16.441335069867073
16.013552925530767
15.277086977507953
14.651341753851616
14.875681410241201
15.642331545437182
16.2066584035935
16.4300468199868
16.428901083439396
16.28335697738577
16.05723534731621
15.869687696907073
15.842518728546764
15.944535619192473
16.00668669169301
15.94954217522528
15.878206958573644
15.962893662329575
16.232891247404037
16.474793151568424
16.56495296103566
16.56854634526433
16.518583928701453
16.414442475713418
16.367269695989133
16.481301029393382
16.556790650104134
16.216878233066005
15.33242495112915
14.475695378654821
14.474707762807467
15.001672216585673
15.37970097281324
15.503911595511141
15.484175764687826
15.40805667497364
15.323295479558972
15.248672526338572
15.175945394312153
15.066437907428183
14.85778604076643
14.524747472139861
14.21220940246841
14.199522395045465
14.506999212011848
14.867361690354578
15.165096458329959
15.493936753054998
15.916260609794243
16.371563867304786
16.763951509042407
17.037781658641748
17.2207771484777
17.474009792922377
17.95902302226443
18.457095866851912
18.308860928500295
17.188024957834312
16.597954608181517
17.712191669641264
19.03191882219967
19.665004070577922
19.7260166873845
19.371422067464675
18.328534235051563
16.87884199165507
17.00471675463119
18.264095781669862
18.866560908243507
18.78591196414911
18.506681085085287
18.423185157430595
18.626471804098777
18.945720070164487
19.22122537343805
19.41419144798552
19.542017849469552
19.603038912477952
19.526781313144102
19.126343059622474
18.096660502826808
16.392909187473343
15.238156236064059
15.869753830863676
17.157856559247882
17.93619901618318
17.866827585151086
17.3009889651833
17.071230342516287
17.409858377015993
17.79003306306308
17.87625580144073
17.726716525243297
17.67213018717916
17.95002912379669
18.351654934873334
18.573245757257542
18.519955540489658
18.22441250679259
17.79582908389862
17.423641387552497
17.223298796384345
17.055544157002497
16.74835705560698
16.63965952567348
17.192128550772882
17.988098268332593
18.509889145769368
18.737951152863424
18.79636175838028
18.73650051204989
18.52964811608691
18.143204759761826
17.694064194067092
17.513375238148118
17.80913592577231
18.391849353134585
18.969145299524765
19.368691280587214
19.45215761822361
18.990836872183717
17.753929456921565
16.302483816619443
16.405385340711565
17.537421628463854
17.99009206502388
18.033458381316326
18.109423508196073
17.93338093493264
17.583243151504888
17.691434924215372
18.256376955297846
18.77741455523895
19.01367306149841
18.920423834551247
18.538148809893286
18.069064915090202
17.856485973366336
18.006208136295243
18.257573818262376
18.375516079802892
18.312676212601644
18.132155425226824
17.950163646140215
17.789935564659196
17.466668408635172
17.00781711062567
16.98455204048282
17.56899262266226
18.33379507994695
18.978237736653288
19.365334866107016
19.4971341392954
19.48778945669629
19.476510350669095
19.515880869564604
19.541326996391852
19.5114344600467
19.4314868698192
19.110980351735062
18.380478167274756
17.808473539803813
18.26931313281884
19.599522909508686
20.938278607529995
21.908049684469933
