-2.3611991910492693
-2.36579312414817
-2.3756815442084154
-2.3908767043867645
-2.411467512791011
-2.4376306289907737
-2.469628510433695
-2.507822251144485
-2.552681681320213
-2.60480899870522
-2.664937976094206
-2.7339561804553414
-2.8129475528347845
-2.9031797978747482
-3.0061148645584805
-3.1233581697221977
-3.25647962540137
-3.4066230584048274
-3.573605647639144
-3.7539955883276495
-3.937349429784685
-4.099812712440816
-4.197135673036501
-4.172242227306431
-4.0176883816111895
-3.890510254950127
-4.03540160486362
-4.4099012794521775
-4.69191995294596
-4.71062289777836
-4.632556840824114
-4.776901002630472
-5.196307905729608
-5.658671551225304
-6.004611685233505
-6.221193741075285
-6.31731101879602
-6.2448129912351815
-5.921752056711032
-5.4461025654742805
-5.3065674455569205
-5.764246772159103
-6.3614274348988475
-6.744910188757519
-6.9546042090753915
-7.081775842107569
-7.109007877463105
-6.987599169456976
-6.775837479473796
-6.639972523249024
-6.684576144335576
-6.926715583109369
-7.351007474771104
-7.820921397035894
-8.15524192166692
-8.268351378307372
-8.167516041433233
-7.932540128012844
-7.7055064068404056
-7.632539088986901
-7.831155953616923
-8.276963038208422
-8.672573668443844
-8.687251193573678
-8.253395434631852
-7.708482463815791
-7.594483167185926
-7.942118900020563
-8.233812556056987
-8.148745127094292
-7.739794424992592
-7.238914922952159
-7.073507031689647
-7.51704579313434
-8.181624224590252
-8.621269703266872
-8.753667772472415
-8.571476595425391
-7.878868306918049
-6.4152890618257885
-4.84684054728921
-4.629819274659961
-5.57164623084121
-6.709886915450343
-7.397529878516569
-7.607389081987137
-7.574826362380142
-7.463596067108637
-7.338185536776079
-7.214651647262868
-7.106062551456182
-7.047253079578897
-7.063912464872229
-7.072452887900066
-6.82984673509109
-6.234435887342389
-6.0051441756160076
-6.813746883716681
-7.82963456742983
-8.397937700147798
-8.601884023873955
-8.555436447951447
-8.168242457246524
-7.3021618864743
-6.27171217880965
-6.514361139967319
-8.169779020546342
-9.359370695437269
-9.642001782624611
-9.475489622691319
-9.209442797779456
-8.956055560804952
-8.761853706695886
-8.716476827113423
-8.822052861255766
-8.900549570993224
-8.726726019182452
-8.236617202961556
-7.6431057876102235
-7.293358807280879
-7.430112049934951
-7.977299617047874
-8.530524228359878
-8.832746015921186
-8.881844456774907
-8.70156189035189
-8.225962150993269
-7.382256589040545
-6.419446743843503
-6.073486806360553
-6.657719728882852
-7.508587502911152
-8.062025494178615
-8.2916110711926
-8.340000386046416
-8.292978286689403
-8.138010965421259
-7.772526675903906
-7.082628501955015
-6.22211355361004
-5.833383318584955
-6.317708863878369
-7.178142797869117
-7.8469692500782955
-8.211623908431468
-8.37411716916936
-8.429101717698055
-8.41248564276498
-8.32142532426453
-8.159089806212634
-7.970894116870728
-7.806312343176469
-7.6414964615885665
-7.43031437865851
-7.22449840518934
-7.192736190934221
-7.492319735393173
-8.039239798129058
-8.57275111972804
-8.931484160050225
-9.104894837125373
-9.133026882222703
-9.04085866444507
-8.838308525235153
-8.550320695338751
-8.20089459184071
-7.752175167066302
-7.267900165926068
-7.167910394986638
-7.697270257278369
-8.466755914729905
-9.0600545241116
-9.37276786190904
-9.454044319746115
-9.347081540675031
-9.036903307940017
-8.514883041166382
-8.028139465014583
-8.106994759960754
-8.737155869950104
-9.280402609720939
-9.344057398809177
-8.907529057525515
-8.33833605918167
-8.239221462319081
-8.5367700863997
-8.78178083581045
-9.005802325107338
-9.28953631812265
-9.490666993168956
-9.555631229146751
-9.572465135532708
-9.543641856663202
-9.244506163255888
-8.497263320052213
-7.969276722774362
-8.529400247542819
-9.456975609998315
-10.090838828607827
-10.551825597854137
-10.974672331531293
-11.316959766881336
-11.4446741840247
-11.160228310527069
-10.32275710866098
-9.371034950875512
-9.18107494049988
-9.506549611479072
-9.737679093087031
-9.89748074565397
-10.076721352806372
-10.286872471498537
-10.604265669328813
-11.048671228455724
-11.492895560384612
-11.823118492311865
-12.011388925405695
-12.03467811028895
-11.8050694710651
-11.213675581721217
-10.350313311723745
-9.632315124726151
-9.469746685353318
-9.994596390993863
-10.927042725755177
-11.8089650102688
-12.449657695294196
-12.89153839152417
-13.224763404361784
-13.502712225031047
-13.701697975454996
-13.670003117056282
-13.07325681966882
-11.495468825433642
-9.128867229542994
-7.733417544563812
-8.683227940967411
-10.567550454537052
-12.101222303757506
-12.917219198322043
-12.981682428120338
-12.668455500192998
-12.531683438925066
-12.632343751959338
-12.548553248120381
-11.895592746977062
-10.538966340678497
-9.21769910160876
-9.204141041445569
-10.181761304860611
-11.212582362432533
-11.878411363535166
-12.048984236050035
-11.706809253833855
-11.037987848149696
-10.512818120580816
-10.297903654890678
-10.277377695984622
-10.555797110034339
-10.672818204923612
-10.252571154521329
-9.873249548775963
-10.030300830260757
-10.490763512233146
-10.922849564531072
-11.150718065251287
-11.19571001458966
-11.182752391656447
-11.184502295456578
-11.163887086773952
-11.037726415929017
-10.80653843531745
-10.671871266769998
-10.889813946941521
-11.390841203689586
-11.87379994987757
-12.17328283726784
-12.29456700490826
-12.311977577235707
-12.31316141744094
-12.343194561979992
-12.374229826309044
-12.374374106133788
-12.340223016346508
-12.195815296811741
-11.90509732593439
-11.850754135685277
-12.475939939862577
-13.414250345004055
-14.03859667000642
-14.157481127050081
-13.812270830719589
-13.07605420960818
-12.191835075985328
-11.685436216507641
-11.871083565837743
-12.40441321395136
-12.769069564841761
-12.712391174842827
-12.408443643845048
-12.398310116285256
-12.641387620150999
-12.371156555999702
-10.972948257039254
-9.473950591713258
-10.361143603918078
-11.9910069406613
-12.730823284075749
-12.903288973610682
-12.874230082339356
-12.739499147147317
-12.368190347396297
-11.427265584950812
-9.96381830734199
-9.39531042930616
-9.9611766589264
-10.21221115059798
-10.222691514722959
-10.537819709801656
-10.867764439416606
-10.627995366886376
-9.91319669800974
-9.718377769527656
-10.37367033637699
-11.017727459217884
-11.164953692406009
-10.668741312797138
-9.451482383664787
-8.469841087827858
-9.027304775887298
-9.97303360999237
-10.342215710652827
-10.33162939440588
-10.216543810832723
-10.117595751199744
-10.070750081853395
-10.07991045236024
-10.138621019221798
-10.234796964416457
-10.33901833076412
-10.37146366088562
-10.173054722192559
-9.610251873589332
-8.91929397777989
-8.626578572472157
-8.833345594926927
-9.394830950234716
-10.019708140289072
-10.426108014323184
-10.62705611157442
-10.743712134640662
-10.841913272787414
-10.933541987590958
-11.015167283361352
-11.08280562923973
-11.12747608897378
-11.128677055263653
-11.057725280943824
-10.904803402572373
-10.739475638006525
-10.74405693730245
-11.058082321582418
-11.54484018681664
-11.902470097258792
-11.962741567854469
-11.823615668185026
-11.783918208005728
-11.98621785294533
-12.1465920202518
-11.887950644863391
-11.277434059474162
-11.024713835448052
-11.569171280040585
-12.325946206153107
-12.753075310840583
-12.830025418014738
-12.701086837514973
-12.48393436872848
-12.271335727371364
-12.16031631808503
-12.208678440692701
-12.352304538912628
-12.397037620886522
-12.102054875090285
-11.343407548044627
-10.37049133921525
-9.969188155880328
-10.625052944301578
-11.48741004884652
-11.78800616695398
-11.57292404316943
-11.168111701097766
-10.918676802659148
-10.983326408072044
-11.222938275772357
-11.444056980041754
-11.583519837292089
-11.652037783616905
-11.642404532731577
-11.491299609362038
-11.124128701099051
-10.670295814697766
-10.59599781142543
-11.047818316782434
-11.495963587515053
-11.51914708812664
-11.131215124984362
-10.698544215459464
-10.691731607046366
-11.19210240185073
-11.922249185578961
-12.62350308819488
-13.159880069082172
-13.468763969884039
-13.501707026532118
-13.229090197056216
-12.779645877164238
-12.535434807761007
-12.68030810498279
-12.81613328474441
-12.59323015483519
-12.076024804719049
-11.648815655017215
-11.8262664997035
-12.468575864599796
-12.935763139241244
-12.869277882989259
-12.25539704982954
-11.308785673662586
-10.576020413453742
-10.569987846896943
-11.055256670239483
-11.480680623111379
-11.650613429651845
-11.632071724951286
-11.527356358576428
-11.404269990185561
-11.30152445417414
-11.244554304681817
-11.253430916437265
-11.338325798337058
-11.482859974554932
-11.619179713869471
-11.588768041159986
-11.073205939876825
-9.67136556418554
-8.052040175931923
-8.43602891512477
-10.12290082978006
-11.408916196075474
-12.159658974145115
-12.572943836620697
-12.805712073932648
-12.967474710106556
-13.115831193450333
-13.25579112937048
-13.339206578475611
-13.269297675122717
-12.955683447760658
-12.507026226435908
-12.400372183532198
-12.959208608519077
-13.741987714467571
-14.154154855038938
-14.10058948276399
-13.778765419109346
-13.108447853930851
-12.270785252101597
-12.559737588224188
-13.392607299597099
-13.926826142710704
-14.56699809525877
-14.869504431419609
-14.498659479216888
-13.849377120961153
-13.561533238685906
-13.923668882391135
-14.560140491598915
-14.99060114004537
-15.080241601343536
-14.858417554328016
-14.32300766073907
-13.455882297770316
-12.478250946315324
-12.082687128258417
-12.529543239257073
-13.15166646055961
-13.528901696009731
-13.616241063658732
-13.360143246235578
-12.557393563323817
-11.220164692796887
-10.407412150809723
-10.911441825684173
-11.661950482587919
-11.915689043393677
-11.831001730791588
-11.619541097748277
-11.349982903665028
-11.048550090328199
-10.737715566539297
-10.42425494992346
-10.108968654905683
-9.824166716374334
-9.640334693966917
-9.598537739151144
-9.652359585483048
-9.714250310900987
-9.728214664141515
-9.681879690981734
-9.584508488163623
-9.450115171691051
-9.28883387899169
-9.104679743139364
-8.918985470626904
-8.820719632811796
-8.942434756149076
-9.307855822689492
-9.790480725862498
-10.261301844218279
-10.66170207063693
-10.951457052959794
-11.047871491806905
-10.810048588661635
-10.12009351093915
-9.12037799549233
-8.383899258137937
-8.520501325569905
-9.339691881805077
-9.81883454557073
-9.848412243355446
-10.738028544090636
-12.14056564058764
-12.946481601242661
-13.076501815548715
-12.634962577832015
-11.647465729107743
-10.350968197535602
-9.135082777354812
-8.739513322323807
-9.682991230541049
-11.058106918897629
-11.866195284335424
-12.021986736034348
-11.857368318313247
-11.637037068069708
-11.478799850193166
-11.413891878273322
-11.446408976646406
-11.568594938347296
-11.75715185222944
-11.980972941259914
-12.210633240881233
-12.412434552780182
-12.527071754343643
-12.44218114310477
-11.989474133955039
-11.100168310858075
-10.26342772290998
-10.351652642582472
-11.146217744658513
-11.789294243444193
-12.071635025626207
-12.159967618406672
-12.163728982541057
-12.091248246040086
-11.911066395101269
-11.614995188484476
-11.258104378617041
-10.95697330361294
-10.882788608596854
-11.094901923231278
-11.39700945042297
-11.52943128598307
-11.402036748743024
-11.129891868743126
-10.920118770258464
-10.883850601129271
-10.957099385204392
-11.018853141751963
-10.998867026763916
-10.875926655589053
-10.657324798233537
-10.401888966703206
-10.246167540733634
-10.318521762532054
-10.59278341072172
-10.928736313411353
-11.227021160547679
-11.467001941326798
-11.660589618250132
-11.820261988658842
-11.959621577623798
-12.108562731243609
-12.31068703267954
-12.572035275446744
-12.77889218157123
-12.637598937432996
-11.794955493060456
-10.728219388547878
-11.029860807802145
-12.350222493710435
-13.384571751061213
-13.969148328518258
-14.32322161259432
-14.523519037919854
-14.468891002231796
-14.172035340485246
-13.992071370694624
-14.184739665402772
-14.476605288258058
-14.601990924446653
-14.602830123963592
-14.628802326088135
-14.77012197989936
-14.987364824678448
-15.064544501170204
-14.507098143452431
-12.71523405054554
-10.968789888660718
-12.291140154382076
-14.681952850035083
-15.727878609458916
-15.733094552938304
-15.287224674440242
-14.677833199602793
-14.163304872211675
-14.094893583259763
-14.253802461723348
-13.998924834214282
-13.385290237705231
-13.203666709521256
-13.824726726701485
-14.641567224332976
-15.137660973624303
-15.31910252973117
-15.258490753973994
-15.002377014397837
-14.844421569991262
-15.088762972605336
-15.52622283291313
-15.799441915611517
-15.815239660608833
-15.612122357006223
-15.221461799491344
-14.699377420351755
-14.18088311357961
-13.852622978031864
-13.934962102680949
-14.417946617865365
-14.899790165959567
-15.086658140129416
-14.991856671837926
-14.777287758920476
-14.627559056542362
-14.596191725231824
-14.532670598593798
-14.263621772428472
-13.850395482261689
-13.615295772358259
-13.725280169926723
-13.985741417047857
-14.22961615659326
-14.467392834680895
-14.738134870596856
-15.033023564534437
-15.308132317387022
-15.485668335193779
-15.415543755627843
-14.883720014477868
-13.948792278196823
-13.402903498203736
-13.66275683800581
-13.928332061678177
-13.676941024444115
-13.920755462428586
-15.258385449029667
-16.216916652300522
-16.440684300293135
-16.466896735477928
-16.61369374787816
-16.84376193781166
-17.01851978629456
-17.079822939789146
-17.069142541579428
-17.08879081254863
-17.214679943858417
-17.401759324750955
-17.505048623338222
-17.44715870260281
-17.45385624747224
-17.902320912231733
-18.52113518706594
-18.632087383339574
-18.267868246121374
-17.904747161797076
-17.557224019353807
-17.56204353155583
-18.6339911672883
-19.997349280720847
-20.360546151213363
-18.905788103042052
-16.638025937797757
-17.062910767035106
-17.658392347876912
-17.01827577062102
-16.694199805499427
-17.2923700392586
-18.26147598512686
-18.91952501278261
-19.249562048057236
-19.443476683287923
-19.460155338762682
-18.717875500276353
-16.189834880056207
-14.155707596230785
-15.457899093540515
-16.868073844431766
-17.85391994089436
-17.570923032337113
-16.648471907728048
-16.638555378902467
-17.588235800731436
-18.368135894790914
-18.24489299136631
-16.624452549598406
-14.547604316817193
-15.717158924198209
-17.73671015934362
-18.51264416997466
-18.682879002140822
-18.70112331964943
-18.675693902384587
-18.545225140095685
-18.080931645357943
-16.885921576836164
-15.140487730767262
-14.799837789522652
-16.154910534200074
-17.35847351716208
-17.949670848493692
-17.980192079693598
-17.30143543785049
-15.838162573379005
-14.975586556357541
-15.997860115997453
-16.987132041539603
-17.06448581498293
-16.753247893331434
-16.58341539605757
-16.747746941615837
-17.118642330684573
-17.4607467399386
-17.57087225974215
-17.233933794659862
-16.268508306688087
-15.120583931687353
-14.87268635002479
-15.319420936378744
-15.591992854936413
-15.465773138896553
-15.186967322924538
-15.162988178998075
-15.41903931610275
-15.6388024471189
-15.606238302028272
-15.347654931343342
-15.084046944471028
-15.061948277666252
-15.313967406745311
-15.659536024867334
-15.90900580216382
-15.971224373646677
-15.860390981959817
-15.685109214670067
-15.560424184023214
-15.436616950246334
-15.105824364439114
-14.541695419343025
-14.100898292970236
-14.056101325367672
-14.238315415603727
-14.43808381248455
-14.604651164306542
-14.697630589973558
-14.69209730473487
-14.477484370972393
-14.150147108531478
-14.0271293516396
-14.151057680343616
-14.296217899278169
-14.258168501816463
-13.810613107104693
-12.688797038921951
-11.397485302672221
-11.49788927139561
-12.479802006214769
-12.981359421542352
-12.981359112308375
-12.802358171158126
-12.642538623715463
-12.584208499069593
-12.629813948238429
-12.74214674789076
-12.874546509530708
-12.973275140362935
-12.974988501313634
-12.82181811852001
-12.500012672093098
-12.088196103713035
-11.760271443330026
-11.691399103351792
-11.897700607797761
-12.166551844289934
-12.263106579348804
-12.169591766660666
-12.001449066030673
-11.805392526623555
-11.615300969488455
-11.575631866769395
-11.79706814828827
-12.152120888733602
-12.417213195415217
-12.50434831724072
-12.449587465475163
-12.319400712732747
-12.17025579085968
-12.0421871642212
-11.951736966927614
-11.880985052726626
-11.780388595118577
-11.603297002484265
-11.384465102822624
-11.29102392585203
-11.427655157997764
-11.582585084215399
-11.448872224141208
-11.017503830128907
-10.669545345313567
-10.784501133130703
-11.221834326927073
-11.554307999365399
-11.569063295549284
-11.31783160907531
-10.973217731262213
-10.713327667904364
-10.64225459156437
-10.757632175868393
-10.96768722524848
-11.158382459536348
-11.263900839999234
-11.277391592314986
-11.218921568832435
-11.105463590270302
-10.937796158119308
-10.70410630909808
-10.405881397787129
-10.103947822224221
-9.922573497649
-9.935408911626121
-10.069332814912547
-10.202675107221353
-10.29288387859985
-10.374645534208579
-10.49509853162219
-10.669813882902455
-10.882590333274186
-11.108256438193328
-11.327180375170595
-11.52296827047839
-11.67305512164197
-11.742943020940853
-11.692825842227
-11.502775060905398
-11.206244025978151
-10.901521592583633
-10.728337308485989
-10.804798765015537
-11.12226265574088
-11.52530429567644
-11.842632310457722
-11.998311182651538
-12.01115855404791
-11.945550609303748
-11.868937367193489
-11.825749684217467
-11.827503468622938
-11.859664493925274
-11.897495954151063
-11.920768738355271
-11.923674599394563
-11.915516706988651
-11.906646374675121
-11.911032417925412
-12.014687488256326
-12.382569281493664
-13.038113386814121
-13.782551150220279
-14.430510740561338
-14.906678756297476
-15.149204361901399
-15.045517028333752
-14.513571544631871
-13.742757514127433
-13.386904632946925
-14.093288296797922
-15.56400150409685
-17.061892029089964
-18.146134298595346
-18.42431823332002
-17.2964322246462
-14.390367260275363
-12.26268088488109
-15.116741632709905
-17.683574822950604
-17.789572573231375
-15.739687914865458
-12.639304178358595
-12.134844768729788
-12.729119553499332
-14.022166897123078
-15.893723271388598
-16.989959401802277
-17.016552467791062
-16.382668045171293
-15.676246961474064
-15.359182280276254
-15.11967688726751
-14.338371657040657
-13.549542312018858
-14.017163964646947
-15.114877616198083
-15.752331287248314
-16.002028052791957
-16.131800747916007
-16.17660385292706
-16.096414150330205
-15.885853224045253
-15.602253846247198
-15.360956698146353
-15.246923874278293
-15.239142579788844
-15.26851471055732
-15.320426010689175
-15.383036978417254
-15.313504684910939
-14.968956547613445
-14.485145484692573
-14.388081065056507
-14.658203583984514
-14.506751321328156
-14.23573612215734
-14.714696246994567
-15.421817623737581
-15.730884289427987
-15.668228899733
-15.36997788702006
-14.94344406837796
-14.57128638247457
-14.402942825460368
-14.32647303192857
-14.18843418520392
-14.074525999228422
-14.108310981363779
-14.15018294681612
-13.918414811360659
-13.577996214705237
-13.704881720401037
-14.183464269472527
-14.537706500234165
-14.773243404852288
-15.062516428443757
-15.295987913555509
-15.222745844691119
-14.786570492634771
-14.225755027987967
-13.955867827464669
-14.097407294999137
-14.324484541626598
-14.298759687558416
-13.823612278576515
-12.945315651712043
-12.389495795151774
-12.75971776999433
-13.350219868328843
-13.580986521406187
-13.539145452872356
-13.432303724244713
-13.376820262083303
-13.39877511930865
-13.471961499629861
-13.551552265125919
-13.587327585616897
-13.534553128091964
-13.410739904103563
-13.37087483797995
-13.589545105901522
-13.993196248220311
-14.329933959636229
-14.410242164075791
-14.156515265642327
-13.724287275290601
-13.577493784974969
-13.690729270844983
-13.176254377351837
-11.853951140175353
-11.744342242281908
-13.28877577047587
-14.443345079818009
-14.696228980363383
-14.227796221780906
-13.24862860236431
-12.443800888848298
-12.572334710432903
-13.194418004763092
-13.47168964162014
-13.149066518386926
-12.727559556585796
-13.054755945355964
-13.982555640207197
-14.788073513287195
-15.21336909925591
-15.286117010820869
-15.048679190874868
-14.566090996089212
-14.013472251951283
-13.573838825834443
-13.309989221479812
-13.299556790310339
-13.5253220175376
-13.814345244376796
-14.04341241202702
-14.07899262973735
-13.8594486527751
-14.01592926419205
-15.077904770638256
-16.054468928578753
-16.10631751579374
-15.325971535480607
-14.697964054597652
-14.738760559699305
-14.238800220942442
-13.492262510512768
-14.241942351522736
-15.51943774583437
-16.20038349482537
-16.23366914784894
-15.612138147803739
-14.433810051057186
-13.425684189053516
-13.562265603432907
-14.608509886709498
-15.612985468989454
-16.175563724040302
-16.34998656298099
-16.321932952385126
-16.31525771078935
-16.478765331544313
-16.725038712715353
-16.740433627885338
-16.16216337120286
-15.079328833128985
-14.522275639171
-15.224308640186717
-16.61824738004254
-17.646696942767093
-17.911645413745852
-17.460056472846944
-16.422580305641684
-15.14473003324635
-14.121178432950826
-13.496269866787262
-13.460686825546663
-15.005571295124845
-16.807545398280663
-17.06708198965265
-15.992586052661268
-15.495413832410277
-15.899342168406585
-15.063988276053438
-13.392490062094566
-13.769133824312934
-14.80655010389973
-15.03888075491472
-15.025923157143053
-15.182798539081391
-15.52045983445758
-15.86588269582004
-16.08717923698866
-16.129494128492897
-15.943743331521054
-15.523925536698128
-15.091732470077545
-15.036437334458288
-15.383389300212102
-15.813255256644977
-16.13978615242992
-16.300125124623808
-16.177061321897824
-15.588985907068666
-14.604953420330451
-13.993968053194632
-14.343158309600382
-15.156175312128118
-15.850880054714398
-16.23076755097931
-16.34786103661649
-16.328725114668632
-16.276748303872633
-16.233840290320927
-16.150856268920535
-15.878100034952476
-15.232357393365985
-14.275346256089106
-13.754632658974833
-14.443572602933791
-15.720797125391282
-16.550607458459908
-16.582336956612338
-15.913591292553878
-14.933269479488454
-14.405425776625382
-14.867448775640316
-15.808734223615618
-16.448681817880555
-16.48890100998036
-15.953212098881778
-15.03122655716393
-14.144627332257638
-13.817201713509387
-14.009944103549547
-14.187209297869721
-14.258234321986054
-14.482029536080196
-14.778095130549746
-14.855758104223218
-14.64260623451108
-14.292827984582118
-14.015700904546367
-13.880997389551448
-13.783751420225867
-13.608903939418505
-13.345845746397451
-13.076176811151338
-12.898258287562685
-12.845167111231167
-12.874667037872404
-12.920612241100217
-12.925049368884162
-12.845492624371897
-12.672269945733879
-12.456404336495568
-12.30144335935425
-12.27960481799792
-12.36049010607235
-12.46564942532131
-12.56386478749928
-12.678893246826847
-12.827750428689138
-12.983539125287374
-13.098893061315055
-13.143485884194813
-13.12086313207484
-13.069146276729086
-13.04356872545233
-13.079540212328327
-13.170452179404489
-13.282112809467154
-13.367409286450632
-13.364526360937166
-13.2236305684683
-13.000688854451909
-12.926560452517688
-13.184657609640835
-13.632684950598563
-14.025814666060924
-14.262922533009249
-14.326486960569607
-14.18697201541966
-13.802481199200843
-13.266136267906978
-12.968700183020788
-13.205118472254824
-13.682364285446855
-13.978991429459066
-13.96676431625534
-13.811299012227735
-13.837825865149341
-14.1276496900177
-14.43631308269685
-14.58979199162673
-14.595194816341893
-14.50998719916664
-14.365768316911998
-14.16537579096512
-13.917389320909507
-13.686891664900218
-13.59271346408456
-13.6888996849359
-13.890267831160031
-14.093378249342551
-14.292228375673783
-14.52247060388712
-14.732707767687202
-14.7565836405646
-14.453843830063247
-13.979603651303156
-13.861516202271629
-14.39952849089566
-15.214505918269184
-15.740341422738322
-15.720342797194665
-15.489473651618434
-15.702777940572725
-16.046454036405915
-15.578310857551855
-14.632824228657915
-15.007695481738205
-16.258362458204125
-17.15573183526839
-17.64613981003067
-17.83890887566583
-17.871314475901993
-17.8494049214608
-17.730553638854765
-17.393571061168647
-16.88170939784285
-16.62851071370735
-16.877147733074693
-17.24566690522007
-17.435304300807985
-17.39501735202823
-17.075865634840834
-16.433232783473926
-15.642852681806175
-15.159625815488969
-15.247128335157212
-15.676914897892331
-16.03806877548145
-16.13993929044759
-16.126016990177398
-16.226848845515406
-16.458429636810802
-16.67492167122703
-16.774914649204682
-16.72924092614523
-16.539771146013464
-16.281229293279754
-16.165153220580518
-16.37797089816356
-16.808671903677563
-17.15214042737619
-17.14443960163708
-16.611435403492962
-15.581783104699113
-14.59798477133816
-14.4673460103515
-15.122358240464665
-15.899684413638854
-16.415136294194372
-16.520675875826253
-16.23635403303497
-15.733245156061207
-15.290427926771079
-15.149518960067182
-15.298099810851067
-15.540413118112287
-15.747961542535162
-15.913323264727744
-16.068304422297604
-16.21639941476707
-16.29862945724816
-16.178382274554618
-15.652600253908105
-14.571741468039749
-13.319818554037866
-13.088043880654212
-14.062387811441473
-15.018005411089785
-15.513901183126583
-15.711984940537667
-15.65042285448729
-15.306154593973323
-14.74481512670219
-14.19755972525125
-13.974636011388755
-14.116863219226401
-14.33155989407822
-14.366235219008995
-14.196789263762387
-13.970343536951209
-13.874773664632205
-13.973773128416024
-14.167158129171957
-14.29546698075948
-14.189653340199957
-13.67037594656011
-12.769766490920405
-12.0859937432464
-11.971174692487292
-11.962968298771516
-12.103746306938955
-12.576395572756542
-12.961288016395104
-13.084396430318325
-13.349647882017758
-13.760403676985163
-13.797045821918541
-13.249319924544645
-12.56006132123944
-12.524023098023054
-13.17379128796991
-13.76274828510272
-13.862084243406224
-13.513684681213313
-12.966111278370311
-12.57107636211418
-12.479392784299165
-12.429545740681752
-12.368565316426013
-12.712795282507646
-13.334997111861323
-13.570428024472614
-13.210035588525583
-12.512986796387121
-11.90828664417313
-11.641633075105704
-11.682142544677655
-11.964507844549933
-12.304868044938162
-12.50888274569424
-12.551313335940984
-12.479558824100595
-12.284565405830536
-11.856919923412946
-11.120267497570795
-10.493955156567276
-10.718547529303681
-11.485690627095199
-12.05000064928137
-12.2732625149726
-12.272060727951732
-12.126490381112335
-11.900305077408856
-11.71268468117675
-11.685553581022907
-11.78771965212378
-11.84995689682698
-11.792764014643803
-11.721326247093893
-11.805979549845178
-12.076126809910173
-12.318086217700639
-12.40816256462441
-12.411730339515547
-12.361787093680968
-12.25757413784302
-12.210307179796606
-12.324475039529801
-12.400242505745585
-12.060482340600574
-11.175711368294351
-10.318338316909209
-10.317624909002824
-10.845007863542612
-11.222990115345032
-11.34706921882508
-11.327252801841416
-11.251091714657091
-11.16631417656382
-11.09169709775054
-11.019002270888292
-10.909553321927747
-10.700951999672347
-10.367851452122636
-10.05512348739133
-10.042427795491516
-10.350107134714186
-10.710526224104402
-11.008162830362885
-11.336943400988153
-11.759305754557767
-12.214670498407381
-12.607097536315788
-12.880924066642203
-13.063823002660776
-13.316938761178665
-13.802121606733735
-14.30074102581804
-14.153015416737567
-13.0313089945644
-12.440288364696741
-13.555726424520058
-14.87580890424296
-15.508643719615888
-15.569491382068113
-15.215189420051875
-14.172478559721677
-12.721267940891462
-12.847558278277596
-14.108100064340757
-14.710276075846151
-14.629214856288364
-14.349680805089914
-14.266109516891623
-14.469508678181098
-14.788843895085101
-15.064348340776704
-15.257284905129156
-15.385105382446335
-15.446178694365408
-15.370074643132545
-14.969931614433246
-13.940515393013658
-12.236127039261369
-11.080400514029646
-11.712940908753524
-13.001640838720526
-13.78009041841019
-13.710463835631877
-13.144005395213927
-12.914076511396383
-13.25309436094979
-13.633444639810294
-13.719603130125638
-13.569820521575831
-13.515038298543065
-13.793086842925916
-14.194902540847924
-14.416523780449326
-14.363204693501705
-14.067604513836276
-13.638908197275725
-13.266654137968642
-13.066446133319879
-12.898890157572772
-12.591514191906203
-12.482426005772343
-13.0352134402036
-13.831483728793899
-14.353192885535304
-14.581128903591464
-14.639494835414185
-14.579661097901706
-14.3728580718865
-13.986375221272676
-13.537019350390974
-13.35618076196026
-13.652083896135267
-14.234981807513707
-14.812366131289343
-15.21199767786123
-15.29565690331285
-14.834636941542014
-13.597652855395731
-12.144902524484486
-12.248239967570814
-13.381471015276897
-13.83367516880064
-13.876670534913265
-13.952921055942557
-13.776857375558896
-13.426199615566237
-13.534384743789438
-14.09964996583633
-14.62076762633226
-14.857013298320588
-14.763734479694023
-14.381337285057509
-13.91200831008227
-13.699347333222171
-13.849261492547745
-14.100769645733486
-14.218722978263889
-14.155841297426896
-13.975249391288685
-13.793256438783736
-13.633223141626306
-13.310038430921283
-12.850776569783068
-12.827394769714566
-13.412142321481362
-14.177069413018168
-14.821551341118582
-15.20861229680073
-15.340318010737487
-15.33087526049022
-15.319567459601474
-15.359006844190661
-15.384504587134082
-15.354607732853092
-15.274822904401193
-14.954539901124745
-14.223719678399158
-13.651089334742252
-14.112079269726747
-15.44290550676535
-16.781837186457658
-17.751503401217672
