4.156974562024937
4.156974496068164
4.156974488857478
4.156974488718603
4.156974598688382
4.156974685297415
4.156974925389273
4.156975240582939
4.156975640431845
4.156976492748882
4.156977097754099
4.15697782365801
4.156978844785132
4.1569798172417745
4.156980862980749
4.156981960796173
4.156982590863764
4.156982180321792
4.156979288364072
4.156971017883196
4.156951960726106
4.156915372420459
4.156861244914493
4.15682565864125
4.15690328710381
4.157072985510087
4.15703808903612
4.1567982869158415
4.156682505148656
4.156801346579003
4.157042373842955
4.157084715169695
4.156919875151994
4.156835533692561
4.156853331694827
4.156869700508811
4.156828201905987
4.156732999633655
4.15672395331257
4.157034788078905
4.157237830477515
4.156884952156554
4.156692471032938
4.156786005822617
4.156873759048555
4.156857488410577
4.156804481129248
4.156822384162091
4.156925268654587
4.156980448365309
4.156981381848933
4.156991596855403
4.1569134149311155
4.1568035904172564
4.156763107186022
4.156770582383411
4.156811411012885
4.156889888863105
4.156963851728315
4.157028929949149
4.15702301002907
4.156813658596343
4.156581132041241
4.156513549183261
4.156709378863052
4.157092078318708
4.157108705932243
4.156722638186989
4.156529198497704
4.156587356912791
4.156712490908067
4.156981593818458
4.157209445370552
4.156932553603893
4.156673541448617
4.156693395423364
4.15671901972236
4.156551477525445
4.156195287754068
4.1563820214455145
4.157431173016141
4.157159657297648
4.156655260214026
4.156375800295375
4.156522776312928
4.1567685220314505
4.156906429774434
4.156955292251658
4.15696268159077
4.1569640621631185
4.156980830380373
4.156995830504569
4.156931843166611
4.156726307695625
4.156533703589842
4.156947414464856
4.157505431097046
4.156830219781264
4.1564792768486285
4.1566350447725675
4.156718380541104
4.15660497458212
4.156398230324029
4.156367170971823
4.1573072728744185
4.157501092704523
4.156096856767887
4.1561015698539485
4.156555037097711
4.156825948548562
4.156899685340523
4.1569281999588465
4.15700294523363
4.157012020870809
4.156879313555775
4.156703432071227
4.156625532158522
4.156736933949755
4.156942590352798
4.157095013358796
4.1570716121248905
4.156810516311791
4.156691960880005
4.156744674740294
4.1567789111817675
4.156717871858367
4.156608424878229
4.156687411071222
4.157181719994195
4.157428725978641
4.156929638972705
4.156604914040922
4.156676272531515
4.156816895764459
4.156889194371981
4.156879136396023
4.156790169426396
4.156658096914876
4.156672656109923
4.157083968293502
4.157386894381634
4.15701348282089
4.156671943204128
4.156677670397624
4.156794036735928
4.156875799105219
4.156902607704534
4.156894056136862
4.15688413917451
4.156904207860634
4.156928655090752
4.156889645726917
4.156826107305026
4.156837172262229
4.156939688834335
4.157061433153954
4.157017475093389
4.156852162979066
4.156775130872788
4.1567994464931175
4.156842848893321
4.156861407632066
4.156857904396164
4.156856976905734
4.156852906147735
4.15678173679296
4.156748972036152
4.157024833405187
4.157223763976997
4.156946105458015
4.156708463855031
4.156699325586004
4.156767942678167
4.156806403785948
4.1567823791062235
4.156730367295069
4.156835901866122
4.157219737822317
4.157215496266515
4.156743794806472
4.156517126702719
4.156496337900991
4.1566929909529975
4.1571328418088065
4.157054389945422
4.1567166829241575
4.15682220910317
4.156918293782752
4.1568117713518795
4.156788773291472
4.156872190152551
4.156883344184667
4.156701323841816
4.156459552649389
4.156806485465392
4.157515295709471
4.156896605320997
4.156542820134943
4.156761017978189
4.156893113643632
4.1568726376939065
4.1567811432694395
4.156621008633659
4.156426741283379
4.156594214615151
4.157247918337404
4.157001476582305
4.156596933718442
4.1567284224774745
4.156823278533201
4.15683670070478
4.156917156927113
4.156961253345129
4.156888712447241
4.156833924953785
4.15683814585741
4.156829712897897
4.1567537650261315
4.156627192524425
4.1566076254297375
4.156839182308744
4.157074308204981
4.157174175453646
4.157021069593631
4.156749893522166
4.156693445224924
4.15677673324976
4.156864592916721
4.15691171793193
4.15689571669532
4.156776491367685
4.156493299146849
4.1560559970333095
4.1558807837722735
4.15689404247512
4.157942441701437
4.1567973342649545
4.156183293222545
4.156158560695108
4.156223988115558
4.156525375578406
4.15696394576128
4.15701516966187
4.156707223765176
4.156439691984183
4.156229248267884
4.156553192270158
4.157499741464422
4.157188135178421
4.156635711703739
4.156504135388278
4.156497897390873
4.156495306143132
4.156568414959228
4.156866599699175
4.156926581780938
4.156746526550329
4.1569070366777705
4.1565529580493905
4.1562436798281635
4.15670953039977
4.157093873833304
4.1569210644690155
4.156761522629052
4.1566998861185915
4.156764810101727
4.156884975326667
4.156948900200444
4.156920997485605
4.15684907995665
4.156822065034849
4.156939465011156
4.157125821746115
4.157073508993031
4.156863225341636
4.156774980402483
4.156798239999921
4.15685205782442
4.156908343609468
4.156931334160808
4.156894915996016
4.156854932951024
4.156843283885225
4.156761173154118
4.156664277232235
4.1568904453017
4.157245880262506
4.156971530856591
4.156558739804263
4.156497193738172
4.156549647040022
4.156567107863337
4.156669707892622
4.157002862563932
4.15722296692992
4.15696134541345
4.156629294079702
4.156477045879086
4.1565658372863385
4.156973052811955
4.156945666561704
4.156370910464096
4.155802802965548
4.156065106604267
4.158171787158654
4.156675495512831
4.1559328845918415
4.156480826919351
4.156802403487852
4.156881200013988
4.156775700453299
4.156453778556063
4.156207845535818
4.1571431152158205
4.157324140706647
4.156174868241182
4.1564774408381595
4.156983687820002
4.156773486790216
4.15633655243562
4.156335405565825
4.15705917323759
4.157335246877755
4.156689479453158
4.156478293521701
4.156424541956753
4.156225523469608
4.156680448443982
4.157783389682702
4.156794664599484
4.156324742533386
4.156647593261608
4.156883383414867
4.156975409526218
4.157001754626064
4.15700371413374
4.156997572888374
4.156986896513967
4.156962892340385
4.156898317144304
4.156758753500714
4.156588569556616
4.156656763066108
4.157000413401072
4.157004673267631
4.15694632049669
4.156805833120199
4.156663990322313
4.156744741955487
4.156867767876141
4.156928411995853
4.156944365402074
4.156947941723853
4.156949474385783
4.156944445668522
4.156927424598976
4.156898801713387
4.156874579421814
4.156899076849779
4.157010403445799
4.157109861027292
4.157007085586587
4.156787633283846
4.156667448209824
4.156721615647758
4.156925259644543
4.15702850408236
4.156804770211465
4.156505649208972
4.1564922483905455
4.156976238797821
4.157331037079928
4.156884022238065
4.156573720427433
4.15664311737396
4.1567753246834585
4.156860674631579
4.156919694891322
4.156983945436851
4.157027978825109
4.156984993762272
4.156841529281346
4.15664350385423
4.156486923892967
4.1565447705573675
4.157009936627313
4.157408661104112
4.156764314837963
4.156328757379233
4.156480418452441
4.156735763548772
4.156984647902089
4.157106897281489
4.157009062540197
4.156890060665631
4.156873688452922
4.156898173900304
4.156898156596512
4.156843438315043
4.156752369651773
4.156773571944825
4.157085034245203
4.157204432462416
4.156805801327957
4.156547493305274
4.156571135568978
4.156809543129235
4.157145295485865
4.157188544984688
4.156988861768205
4.15684100811931
4.156780904489324
4.156758710225697
4.156725554137493
4.15667413675626
4.156703216354863
4.156931146021236
4.157043016155921
4.156686806203977
4.156400040663225
4.156413961813229
4.156619981204495
4.157021661819643
4.156955975205854
4.1565516587414955
4.15639319314135
4.1564316068579785
4.156557381630574
4.156911018970495
4.157299907776347
4.157124436557849
4.15676223312329
4.156700469470756
4.1567971640435175
4.156890070971466
4.156945674329261
4.156975900567035
4.156994191124083
4.157007954907035
4.157014229410693
4.1570009779401165
4.156949310964256
4.156826582118944
4.156563471389729
4.156108711045073
4.156168163454568
4.157899409650961
4.15721959497534
4.15620616351274
4.156418720133534
4.156655670541687
4.156806489020203
4.156901462381205
4.156948612047673
4.156951259745529
4.156910241868802
4.15682322282942
4.156714519439019
4.156711579688137
4.156996005746979
4.157224152254667
4.15686595009095
4.156429680780574
4.156360714211013
4.15648182356745
4.156300619487565
4.156096945462945
4.157096030019439
4.156521656627412
4.156028928414109
4.1566517814439035
4.156340230310503
4.156166864212411
4.156497287746307
4.1569604469032715
4.157197363831253
4.156946848298071
4.156660144738456
4.156640742766243
4.156696278821142
4.1566868765853595
4.1566207495938805
4.156663706413969
4.157102692442312
4.157299716770261
4.156783769436608
4.15658620628324
4.156627124781073
4.156610638085853
4.156422787238034
4.156251136909297
4.156890969124673
4.157534520654064
4.156686433662665
4.156344905058882
4.156625307849708
4.156827586579473
4.156892303707405
4.1569219627159235
4.15694511221893
4.156950936709016
4.15694675196378
4.156963106818862
4.157010681610739
4.157040861169456
4.157008579934379
4.156950237640338
4.156918415679307
4.156915629067237
4.156924211867404
4.1569323527881075
4.1569355735872815
4.15693146931188
4.156934805475789
4.156986765575613
4.157080907279099
4.1570992941758576
4.157007609479418
4.156925052024009
4.156896007656833
4.15687291391232
4.156808912002145
4.156685677679167
4.156544326535759
4.156551580232557
4.156874802601559
4.157271430429175
4.15712442956206
4.156289866142789
4.156065071617334
4.157187584186541
4.156913863463535
4.156238606005546
4.156394007898788
4.156491267118872
4.156416009201058
4.156454270714175
4.156530491444633
4.156888394499978
4.157336543584341
4.156739638542726
4.156203838761854
4.15634601972325
4.156679559175318
4.156896741084898
4.156987316392311
4.157011789837664
4.157017915670204
4.157016997057099
4.157004170336082
4.156985949052162
4.15696748370469
4.15694370451083
4.156897221336736
4.156803643257492
4.156644320620268
4.1564987859825635
4.156724235474501
4.157374504011074
4.157180922124397
4.15656928132465
4.156535177655567
4.156720684808892
4.156819556741002
4.1568343530651735
4.156810753477979
4.156791112117663
4.156807875727242
4.156859085919654
4.156968124640997
4.157021351899795
4.156893153895654
4.156730532616773
4.156691791711072
4.156788578212293
4.1569469567319945
4.157034254201914
4.156992458835742
4.156917147811523
4.156881779088449
4.156873863095036
4.156874542849797
4.156902640222997
4.15698893784716
4.157080271771967
4.157060709316093
4.156963280317335
4.15690691655068
4.156906243932815
4.156921392239797
4.156930455554743
4.156936207413066
4.15695005886934
4.156973971601261
4.156973957140943
4.1568873910522015
4.156656104618165
4.156284857810354
4.156349572630667
4.1575607242078725
4.157224140424095
4.156380893614122
4.15647313987116
4.156700387754917
4.156772153410145
4.1566811423897825
4.156646223987245
4.1568883524468685
4.157091794480287
4.156885036114895
4.156734451662308
4.156811972533717
4.156937000201118
4.157006828029775
4.156979782665596
4.156823272876345
4.156431657481544
4.155730130119004
4.156049164927193
4.158542210151536
4.156776706299178
4.155459029702504
4.156090409826209
4.156564838878381
4.156724072023611
4.156827101485918
4.157072745362154
4.156911427227753
4.156405377338066
4.156423988868088
4.1569868710185105
4.157268561956213
4.156809080373979
4.156510764980164
4.156604811853882
4.156674170817682
4.1566676139236165
4.1568494861799685
4.15709060169306
4.156936841615929
4.156712736950022
4.156701776805011
4.156753987470763
4.156769504000211
4.156782104236296
4.156843392996041
4.156932492999863
4.15707998547769
4.157107086921286
4.156829354122799
4.156666771104389
4.156717500026918
4.156844368442471
4.1569819641820835
4.157021514986804
4.156897377949727
4.156748374879571
4.156766370036209
4.156999454554434
4.157129315552197
4.156975637890493
4.156877839014035
4.156917380363161
4.156962833966839
4.156965146667215
4.156938903686603
4.156883583660681
4.156761310829232
4.1565457455723145
4.156433678986167
4.156918772173945
4.157222796865776
4.156575874884796
4.156116071073605
4.156774201173391
4.157361821812321
4.156189628837179
4.1562170378982515
4.156735648674054
4.156993485578926
4.156974273543003
4.156887673439169
4.156855861810083
4.156880735749397
4.156940927894233
4.156981571899351
4.15693320173532
4.156803467055177
4.15670306850177
4.156811792844255
4.1570949697791235
4.156880624883524
4.156320077948344
4.156320527724716
4.156665648179644
4.15655617534707
4.156714818853601
4.157386481897092
4.156807926232929
4.155969036812646
4.155324264214851
4.155251116140281
4.158283366005939
4.155738935049296
4.155332991418355
4.1567681234405605
4.157241711283717
4.156924836742558
4.15652359182161
4.15664911752264
4.156849087221449
4.156835344901616
4.156382640169561
4.15517130905771
4.155800262127549
4.158451035477251
4.155431282263422
4.1560675154252245
4.155439223045178
4.15603144889954
4.157253173836299
4.157290757055009
4.156521920369439
4.156159177357214
4.1556154109407615
4.155550843899476
4.15874565317538
4.156413031234891
4.155632260122093
4.156484145298936
4.156852234845299
4.156932834085271
4.156885798488453
4.156702031952378
4.156311681655897
4.156084895020943
4.157424111269908
4.157648503887529
4.156324040307744
4.156344836110936
4.156489962461343
4.156356938644031
4.1560645007380295
4.156783500704936
4.157948749837981
4.156310564481702
4.156022920816113
4.156573873658385
4.1569864052805485
4.157134004915054
4.157046836085296
4.156892097031903
4.156762408047069
4.156597466070593
4.156366932233681
4.156495922605526
4.157289580582386
4.1570680687827135
4.156496252070799
4.15645694955534
4.156672226627981
4.157007461058395
4.157033537728315
4.156812649091904
4.1566855485418
4.1567172703336315
4.156874582315712
4.157054968613879
4.157080473650213
4.156957430203034
4.156838657796085
4.156785550846079
4.156793499778882
4.156861666425087
4.156938535122041
4.1568891891437705
4.156693918806491
4.156595340987467
4.156784775272818
4.156919661020538
4.156736077999623
4.156593684072389
4.156626627279518
4.156654035100463
4.156717632402875
4.1566594809899104
4.156740089320911
4.157001966264456
4.157040682621409
4.1568914290688745
4.156780738647502
4.156626990498399
4.156335008184328
4.156424248694947
4.157633048518759
4.157179296551234
4.156307253062799
4.156527079590392
4.156814131282339
4.156959608659417
4.157016781866272
4.157017531843927
4.156992796575246
4.156963603584028
4.156927837868034
4.15688055604747
4.156831441649468
4.1568057653042665
4.156840026205556
4.156943291872182
4.157056401310685
4.157069347059393
4.156917307814593
4.156749497990166
4.15674617548839
4.156832701008128
4.1568461543989095
4.156845362962738
4.156943695362612
4.157037651706602
4.156959440233571
4.15682254612976
4.156795599365585
4.156846587340247
4.156903892112224
4.156945797242837
4.156972535759168
4.156981585539935
4.156964108860636
4.15692133804022
4.156873149127211
4.156872814332559
4.156978621159574
4.157058385928011
4.156892867358122
4.156654438466186
4.156625077792931
4.156878967306193
4.157160753065149
4.157058493182344
4.156769104673474
4.156660338571019
4.156722185478433
4.156847917466356
4.156969704238087
4.157039561342254
4.157040374594425
4.156983195374952
4.15691406861157
4.156882037976308
4.156889840764645
4.156911669338598
4.156926593341023
4.156926016993827
4.156911537287556
4.156900127409834
4.156927089682151
4.157006368262598
4.157057661659119
4.157003226580256
4.156921798209135
4.156904436253855
4.156940102557849
4.156979996669106
4.156994418000993
4.156985433459754
4.156970513225948
4.156959339367191
4.156949098562832
4.156932327657618
4.156903554686679
4.156866997944769
4.1568388414518935
4.156843722824075
4.156891571170524
4.156970521796982
4.1570466660600065
4.157046053567052
4.156946189452407
4.156842892521384
4.156810473528406
4.1568400046988
4.156895436266254
4.156948257927294
4.156982475687229
4.156992567327491
4.156983827920401
4.156967137028568
4.156951491253965
4.156943586504397
4.156943479048316
4.156940212457144
4.1569300963796305
4.156967528570789
4.157082768798494
4.157106441783975
4.156965231527739
4.156851923813818
4.156817521575157
4.15677378994174
4.156665612536271
4.156539066721596
4.156563349652208
4.156927792838083
4.15739574327071
4.15717609876468
4.15671307755666
4.15651446614682
4.156273804744263
4.155720410935629
4.1549613403063965
4.155523230003174
4.1595649200436124
4.154802263750549
4.154645860901667
4.155059789988755
4.155001949999578
4.158026681312384
4.156086604870627
4.156573357136219
4.15672317434996
4.155899716163049
4.15595146016539
4.156329031607001
4.156717450196641
4.157042825110686
4.156778142843898
4.156222535839788
4.156480152854034
4.157491884726415
4.156953748606863
4.156268706953405
4.156530710359835
4.1567963707773785
4.156843050855805
4.1568309530529035
4.15683178588111
4.156863098413545
4.156933263633519
4.156980587836113
4.156947772101391
4.156881258189138
4.156862136073375
4.156854375971161
4.156731854290927
4.1565897263254925
4.15660374078379
4.156947969152764
4.156943575233836
4.156251516997651
4.156477857756684
4.1572621558528
4.1568442885148755
4.1565085082183835
4.156645500407702
4.156764438632623
4.156816804908658
4.156919371527209
4.15701376137047
4.156904555217054
4.1567733834213225
4.1568415282951
4.156932489662081
4.156805383659432
4.156523038802224
4.156549432672353
4.1569809274295295
4.1568688963649585
4.156541145071607
4.156634718682298
4.1568288087482905
4.156784835279783
4.156630490512198
4.156609167695159
4.156769864221657
4.157074901969265
4.157171508901612
4.15693100052097
4.15671456326678
4.156572945331643
4.1565079781471255
4.156947939068811
4.157442881550068
4.156872174393234
4.156560417412798
4.156724230758629
4.156901695133277
4.156990137521495
4.15700917587181
4.156990285158157
4.156958603569679
4.15692059817396
4.156880223620902
4.156876661470033
4.156980720661339
4.157117856419687
4.157059512269257
4.1568686699117166
4.156734975996866
4.15665384337222
4.156694949825436
4.1570069301482295
4.156989893429227
4.156236348815497
4.155827821113684
4.157269675030092
4.157667500153396
4.15614991192008
4.156146870219441
4.15636877850439
4.156442111677958
4.156830675807186
4.157408566807835
4.157046565377273
4.156482782865824
4.156320557714034
4.156616612781358
4.157263496744861
4.157143523105809
4.156666006284505
4.156596588289574
4.156670818188985
4.156703453876018
4.156720646675101
4.156812389033963
4.156916121343572
4.156920447862348
4.156980970121689
4.156987600196713
4.156863155768111
4.156787990960854
4.156673372398327
4.156509608499842
4.1568672088600955
4.157345400933888
4.156569420118537
4.1560745277097375
4.1561180227898795
4.156743723862428
4.157168744175593
4.1560190096102865
4.156077624132097
4.1576358923865815
4.1567721441879275
4.1562142424141655
4.1563717532090685
4.1563696186032715
4.156337473881349
4.156735148215823
4.157444761934787
4.157253970590952
4.15661477191135
4.156474163088259
4.156601990769712
4.156768784033336
4.156942736802051
4.1570587030333535
4.1569888239049
4.156738127807454
4.156396699319313
4.156260106817072
4.156875407325652
4.157336749941788
4.156971206677191
4.156322252484323
4.156219719900125
4.156317947038627
4.156356035632072
4.156489286834137
4.156713842926351
4.156653047604712
4.156462285813461
4.1574168592612075
4.1564484399584565
4.155353254820387
4.155546212251675
4.1569644972098505
4.157303688362012
4.155524297838378
4.155531201022457
4.157961727998405
4.156558975350613
4.155913209371169
4.156620435156357
4.15696714811167
4.156999154024797
4.156890951291562
4.156818191205058
4.156795126045282
4.156755891723481
4.156718523886385
4.156833005900575
4.157112901691473
4.157125162004213
4.156894328745352
4.156808029351369
4.156798306200901
4.156720129180183
4.156549430141574
4.156475058293909
4.1569484863929365
4.157382494385086
4.156996864291161
4.156686062093611
4.156646054975216
4.1567405238482955
4.1568535443064185
4.156930627462405
4.156957003134554
4.156913518524053
4.156785329940238
4.156600737653564
4.1565228807575085
4.1569481239034385
4.157542052653239
4.157057251111716
4.15638133094129
4.156243834742924
4.156329096372456
4.15653087025105
4.157009134424671
4.157414573590891
4.157035137868839
4.156539325966294
4.1564177647166005
4.1564617559266175
4.156559560414216
4.156793296149864
4.157152779148706
4.1571294496765
4.156728107016868
4.156710028232524
4.156950513363055
4.156899996074715
4.156706879808494
4.15669146114117
4.156821739884
4.1569836766926045
4.157037891230054
4.156957977576168
4.1568763640902535
4.156870312341985
4.156928099995419
4.156998502484029
4.157022608551012
4.156994824300963
4.15695423459576
4.156919304536109
4.156890960265487
4.1568819306835
4.15691410816992
4.156987610542918
4.1570399729130525
4.157012696270032
4.156951285582965
4.156930088459429
4.156952610688318
4.156970110248446
4.156954384329543
4.156923835545294
4.1569043550766
4.156905438093887
4.156927366452388
4.1569612597146985
4.156981340954703
4.156970675530724
4.156941933721001
4.156904343568122
4.156850915709372
4.156795359257298
4.156802913845246
4.156948215851351
4.157085706392596
4.1569833984078475
4.156834275703982
4.156804646569853
4.156817119532022
4.156798869458154
4.156743632618586
4.156751130180057
4.15699207871655
4.1572136308600225
4.156991598902938
4.156720596684384
4.1566608057227565
4.156776261639912
4.157020984938995
4.157088065333099
4.156907324818446
4.1568091507176685
4.156842319042159
4.156895614527086
4.156920417645425
4.156918136981416
4.15691423089527
4.156945547229437
4.15702238249172
4.157057951166848
4.156991419549589
4.15691822455625
4.1569223881059525
4.156956344706998
4.156920640306696
4.156788915093291
4.156649980491952
4.156696057856019
4.15704356558537
4.157260163012252
4.156975799259223
4.156592480716464
4.156401473566294
4.156583091685825
4.157093409654339
4.156853202485658
4.15608804881483
4.1560982914818005
4.157500291899934
4.157031682462607
4.15630079642596
4.156509509475907
4.156645962072076
4.1567771036588965
4.156864385933066
4.156815707876092
4.156689302197005
4.156645891730825
4.156930312164544
4.157127496281934
4.156841464991459
4.156696415529414
4.156718924647102
4.156697041686968
4.1566402448607676
4.156716924833944
4.157020626336301
4.157197787225247
4.157028056307693
4.156756405628247
4.156651868154196
4.1567836939846785
4.156973188370639
4.156993475599251
4.156899716272257
4.156848679884394
4.1568401156757275
4.156833798912448
4.156862623650333
4.156994630250406
4.157130513685317
4.157048349559819
4.156835676065242
4.156656841455586
4.156505813266964
4.156434572903574
4.156704721029353
4.157269947026942
4.157189464069541
4.156744801984248
4.1565864153761165
4.156552924003826
4.156607479929562
4.156738686528609
4.156933149882255
4.157110775568045
4.157104264376732
4.15697149050829
4.156903808237168
4.15692015715797
4.156953204306799
4.156958255663085
4.1569121163198055
4.15680052837217
4.156617927107153
4.156406163207368
4.156478147707007
4.1572748044900685
4.157424037911319
4.156499716551233
4.156392272904377
4.15664234959551
4.156710105279581
4.156712528157241
4.156753443781136
4.1568943049112725
4.157109361104556
4.157137869675159
4.156925465313753
4.156767499402816
4.156771622602651
4.156884076211693
4.157024662132937
4.157075002292963
4.157005530046124
4.156898772918764
4.156777069273106
4.1566084003100805
4.156518400344801
4.156876661055941
4.157132351075374
4.156697950610305
4.156803162818283
4.157013271450104
4.156679798288621
4.156551358962341
4.156905888891732
4.156921249817595
4.156526098531042
4.156369774251939
4.156634901532881
4.157214537420101
4.15724194244871
4.156702885758344
4.156474338257404
4.15654211137837
4.1566896823235275
4.156901125068588
4.15698696005898
4.156735540360955
4.156647254800317
4.157001191209146
4.156940891255513
4.1564718931849605
4.156391039342216
4.156581478755276
4.156865194288212
4.157017287440242
4.156972594083861
4.156973145830248
4.156884274214738
4.156787445337974
4.15681587407817
4.156873244458593
4.156869905181724
4.156769664036537
4.156633002117822
4.156819479937157
4.15738659728434
4.15713388093752
4.156640918341983
4.15665775431213
4.156784305014199
4.156840355487663
4.156866596273433
4.156930269907356
4.157003015730323
4.156965147523858
4.1568159670686935
4.156729794866029
4.156778160581478
4.156880711479751
4.156914112484397
4.156764437493864
4.156706933867785
4.156790396411251
4.156816005748784
4.156796835020485
4.156868337870398
4.156962516192527
4.156825989863581
4.156548144358549
4.156395892465431
4.156713582834799
4.157357061745612
4.157082853804644
4.156664353043061
4.156710857468207
4.156842376686061
4.15692296284641
4.156964960316548
4.156981302995153
4.156975428588032
4.156943123423861
4.1568845855004355
4.156834041094083
4.156896020017225
4.157085915077079
4.1570945995539486
4.1568920772976625
4.156835466250175
4.156933627967074
4.156993352066845
4.156954855236476
4.156893368897405
4.156853972726619
4.156857591999545
4.1569541458169255
4.157071031743712
4.156901415530694
4.156354841033872
4.1558455117627275
4.156715963269912
4.157666243484776
4.156465245121206
4.1561099179567105
4.156360350962034
4.1565253053163875
4.1562326474128
4.1560556753298865
4.157574050763607
4.157158476353594
4.155995717329105
4.156284832397356
4.156697107860747
4.157000279995373
4.157075640538972
4.156963125917679
4.156876175079386
4.156877032661345
4.156906542856364
4.156912467023217
4.156860218112545
4.156706670011557
4.156411445189228
4.156145109813149
4.156782148211974
4.157755722034413
4.156812922110152
4.156215720527356
4.156108597772992
4.156363749519208
4.156983569969373
4.1571538311199046
4.156764016066203
4.156588423252787
4.1566526713150935
4.156896003667466
4.157091888636096
4.156942280870773
4.1567523940254105
4.156721976808216
4.156750846987952
4.156807992956313
4.1569208866228955
4.156987249583855
4.156852663064466
4.156653999429725
4.156842863700778
4.157233519901137
4.156915110569281
4.156614539538694
4.156696260234064
4.1568222492719595
4.156866922966094
4.156839414148184
4.156790044200411
4.15682953848915
4.157044843676118
4.157194476187858
4.157052029637043
4.156867545620878
4.156779168235422
4.1566936027259835
4.156500714910759
4.156199930641703
4.156276601525834
4.157581292134957
4.15714537314075
4.155950613186956
4.15641689622324
4.156787846403061
4.156502452253516
4.156523559373744
4.1570435359386515
4.157050180425934
4.156726989461516
4.156646928906689
4.156659763177821
4.156689354857225
4.156811524835778
4.1570566050079325
4.157138640144165
4.156946643747498
4.15680417252889
4.156793101539003
4.156834915174748
4.156906033938139
4.156907207356479
4.156712423032889
4.156629977713889
4.157040540842601
4.157157270768256
4.156850301180899
4.15672566692878
4.156686395534706
4.156722569306286
4.156816128557914
4.1569141962060705
4.1569428910676205
4.156874025373943
4.156822409257771
4.156826727193609
4.156663965418007
4.156440450610317
4.156758488875598
4.157384205061561
4.1572338630920935
4.156617402743336
4.156441421072337
4.156546283252261
