-0.39668034160994914, -0.014940671405400785
-0.16942593149104623, 5.1372038246647485
3.217441041753744, -0.10310855115925999
3.035283463768706, 5.015227347248466
6.950455002581685, -0.008521175095856481

9.612563350247116, 9.995810960535229
9.847422937012132, 5.140356166061693
3.223217685269176, 9.91111482313839
3.044921892159626, 5.025590152126374
6.96009074689407, 0.001837372344350815

9.621797917247338, 0.006562463245750281
9.864274585289301, 5.143508294474206
3.2289946030727585, 9.925338009351162
3.054563109077802, 5.03595270233083
6.9697151771186405, 0.012195945220595271

9.631023356882295, 0.017314118993317782
9.881129059420683, 5.1466604634795425
3.2347718099553946, 9.93956106368415
3.0642071607357297, 5.046315055399687
6.97932828950597, 0.022554583841890918

9.640239666731162, 0.028065953396217896
9.897986406247874, 5.149812697698818
3.2405493206764446, 9.953783988976054
3.0738540941052497, 5.056677220791382
6.988930080287732, 0.032913284618400596

9.649446844460652, 0.03881796530249397
9.91484667338531, 5.152964999907841
3.2463271499642374, 9.968006783940545
3.083503956929068, 5.067039204181646
6.998520545677635, 0.043272047410860943

9.658644887824916, 0.049570153566075754
9.931709909231909, 5.156117373128299
3.252105312516569, 9.982229447289026
3.0931567977324126, 5.077401011460081
7.008099681872409, 0.05363087210832665

9.667833794665507, 0.06032251704639405
9.948576162982834, 5.15926982063396
3.257883823001186, 9.996451977730208
3.102812665834816, 5.087762648736698
7.017667485052783, 0.06398975862777496

9.677013562911283, 0.07107504226370857
9.96544548464137, 5.1624223649530325
3.2636626960562585, 0.01067445083168083
3.112471611362014, 5.098124201498404
7.027223951384408, 0.07434869797429018

9.68618419057835, 0.08182769949460003
9.982317925030909, 5.165575055482255
3.2694419462908337, 0.024897051368055083
3.1221336852579786, 5.108485865799488
7.036769077018839, 0.08470766970236039

9.695345675769975, 0.09258048841279198
9.99919353580708, 5.1687278981771865
3.275221588285276, 0.03911978870614958
3.131798939297073, 5.118847655334419
7.046302858094438, 0.09506667491080183

9.704498024292786, 0.10333341005211794
0.01606941265345632, 5.171880897268124
3.2810016162914817, 0.053342664152454346
3.1414644602240807, 5.12920957570743
7.0558253124769115, 0.10542571565567639

9.71364124362018, 0.114086465486323
0.03294201970485742, 5.175034057267928
3.286782020872943, 0.06756567901822005
3.1511267015098725, 5.139571632786182
7.065336461824245, 0.11578479398848386

9.72277533232606, 0.12483965582908024
0.049811296286000235, 5.178187382979445
3.292562816815766, 0.08178883461974681
3.1607856025797156, 5.1499338327093644
7.074836301752984, 0.12614391195632466

9.731900289046559, 0.13559298223391764
0.06667718728837169, 5.181340879502999
3.2983440189240527, 0.09601213227875732
3.170441108444102, 5.160296181894465
7.084324827828315, 0.1365030716020182

9.741016112496771, 0.14634644589413612
0.08353963670873685, 5.184494552244075
3.304125641975577, 0.1102355733227755
3.180093163217408, 5.170658687045724
7.093802035612806, 0.1468622749642149

9.750122801470841, 0.1571000480427276
0.1003985876363461, 5.187648406921272
3.3099077007220967, 0.12445915908550151
3.189741710105108, 5.181021355162303
7.1032679206672125, 0.15722152407750586

9.759220354842016, 0.1678537897795716
0.1172539822400356, 5.1908024495728675
3.315690209889646, 0.13868289090718228
3.199386691390871, 5.191384193545188
7.112722478551335, 0.1675808207998058

9.76830877156272, 0.17860767040845507
0.13410576175522393, 5.193956682974968
3.3214731841788177, 0.15290677013497872
3.2090280484235656, 5.201747206215494
7.122165704824821, 0.17794016514955727

9.777388050664587, 0.1893616881609903
0.15095386647080727, 5.197111098704625
3.3272566382650237, 0.16713079812332762
3.2186657216041707, 5.212110385977892
7.131597595048, 0.18829955602982917

9.78645819125852, 0.2001158412855944
0.1677982357159557, 5.200265685860276
3.333040586798753, 0.18135497623429953
3.228299650372562, 5.222473723141275
7.141018144782706, 0.19865899231747536

9.795519192569863, 0.21087001162993352
0.18463880790997303, 5.2034202956795355
3.3388250444058043, 0.19557930583795405
3.2379297731942325, 5.232837207682949
7.150427349621147, 0.2090184517651486

9.804571054054964, 0.22162407408171012
0.2014755208581228, 5.206574743157171
3.3446100256853897, 0.2098037854957166
3.247556027546917, 5.243200829239053
7.159825205381479, 0.21937788600619357

9.813613775296805, 0.23237802715055494
0.21830831133959766, 5.209728969170121
3.350395545034688, 0.22402837060011227
3.2571783499071505, 5.253564577094719
7.169211707990095, 0.22973729246925625

9.822647355966325, 0.2431318693769316
0.2351371148149569, 5.212882945446319
3.3561816165153235, 0.23825304597314367
3.2667966757367375, 5.263928440174146
7.178586853375857, 0.2400966703504759

9.831671795822375, 0.2538855993082287
0.2519618656860476, 5.216036659367138
3.361968254127704, 0.2524778124465364
3.2764109394691414, 5.274292407030484
7.187950637470246, 0.2504560187932169

9.84068709471181, 0.26463921540177054
0.2687824973127568, 5.219190097906771
3.367755471841605, 0.2667026699581679
3.2860210744958116, 5.284656465835502
7.197303056208217, 0.26081533613179003

9.849693252569441, 0.2753927146296313
0.2855989419991623, 5.22234324762135
3.3735432835961916, 0.2809276162177649
3.2956270131524152, 5.295020604369019
7.206644105528971, 0.27117461995266984

9.85869026941809, 0.2861460927788771
0.302411130979615, 5.225496094637781
3.3793317033000387, 0.29515264773540006
3.305228686705025, 5.305384810008129
7.215973781376802, 0.2815338678230941

9.867678145368576, 0.29689934557216
0.31921899440475715, 5.228648624642376
3.3851207448311285, 0.309377760970951
3.314826025336237, 5.315749069716165
7.225292079701876, 0.2918930773202936

9.876656880619738, 0.30765246869830054
0.3360224613274803, 5.231800822869217
3.3909104220368396, 0.323602952364168
3.3244189581312296, 5.3261133700314085
7.234598996461053, 0.3022522460313486

9.885626475458395, 0.31840545781215357
0.3528214596888278, 5.2349526740882775
3.39670074873376, 0.33782820372261185
3.3340074130636315, 5.336477682444179
7.2438945276186795, 0.3126113715530511

9.89458693025938, 0.3291583085344884
0.36961591630383606, 5.238104162593316
3.4024917387006917, 0.3520533331534564
3.343591316974525, 5.346841814317546
7.253178669147367, 0.3229704514917743

9.903538245485496, 0.3399110164519143
0.3864057568472801, 5.241255272189688
3.4082834056763502, 0.366278284333761
3.353170595556053, 5.357205698146365
7.262451417028807, 0.3333294834633663

9.912480421687569, 0.3506635771167808
0.4031909058393933, 5.244405986181828
3.4140757633699903, 0.38050305358431635
3.3627451733479736, 5.367569318619624
7.2717127672545425, 0.34368846509303197

9.921413459504327, 0.3614159860470552
0.41997128663157746, 5.247556287360301
3.419868825462216, 0.3947276371955611
3.372314973724383, 5.377932659934452
7.28096271582676, 0.3540473940152051

9.930337359662483, 0.3721682387262033
0.4367468213920833, 5.250706157988628
3.42566260560485, 0.4089520314268931
3.3818799188795348, 5.388295705783384
7.29020125875904, 0.36440626787342323

9.939252122976612, 0.3829203306030696
0.4535174310916728, 5.253855579789816
3.431457117420804, 0.4231762325059764
3.3914399298135987, 5.39865843934128
7.299428392077167, 0.37476508432020655

9.94815775034922, 0.3936722570917622
0.4702830354892665, 5.257004533932625
3.4372523745039096, 0.43740023662804006
3.400994926318453, 5.40902084325201
7.3086441118198735, 0.3851238410169372

9.957054242770624, 0.40442401357154156
0.4870435531175839, 5.260153001017498
3.4430483904187534, 0.45162403995517086
3.4105448269634477, 5.419382899614857
7.31784841403961, 0.395482535633744

9.96594160131896, 0.41517559538670956
0.503798901268785, 5.2633009610623045
3.4488451787004863, 0.4658476386156006
3.4200895490811822, 5.429744589970641
7.327041294803319, 0.4058411658493882

9.974819827160111, 0.4259269978465046
0.5205489959801213, 5.266448393487711
3.454642752854606, 0.48007102870298446
3.4296290087532895, 5.440105895287566
7.3362227501931585, 0.41619972935115235

9.983688921547692, 0.4366782162249958
0.5372937520195997, 5.269595277102278
3.460441126356736, 0.4942942062756727
3.4391631207962545, 5.450466795946814
7.345392776307308, 0.42655822383473213

9.992548885822957, 0.44742924576098336
0.5540330828716783, 5.272741590087315
3.466240312652386, 0.5085171673559752
3.448691798747253, 5.460827271727797
7.354551369260684, 0.436916647004131

0.0013999404708135142, 0.45818008165790136
0.5707669002965308, 5.275887309981355
3.4720402872907683, 0.5227399079294164
3.4582149544166563, 5.471187301793175
7.363698782967487, 0.44727499657155606

0.010253605005771011, 0.4689307190835642
0.5874950925473033, 5.279032413664297
3.477839068333535, 0.536962423943916
3.4677324759587864, 5.481546864673575
7.372848572307344, 0.45763327025727063

0.019116395121597417, 0.4796811531688928
0.6042175556998947, 5.282176877340634
3.483635525924948, 0.5511847113085179
3.4772442601191877, 5.4919059382520325
7.382008417133325, 0.4679914657891619

0.027988309165537944, 0.49043137900674616
0.6209341970582013, 5.285320676522567
3.48942965436454, 0.5654067658921333
3.4867502152038776, 5.502264499748123
7.391178330294434, 0.47834958090242696

0.03686934541997088, 0.5011813916514184
0.6376449225572346, 5.28846378601319
3.4952214478407204, 0.579628583522542
3.496250248168975, 5.51262252570182
7.40035832466221, 0.4887076133394913

0.045759502101826846, 0.511931186118171
0.6543496367489993, 5.291606179889448
3.5010109003622762, 0.5938501599853907
3.5057442645398877, 5.522979991956999
7.4095484131310565, 0.49906556084994236

0.05465877736199892, 0.5226807573827551
0.6710482427884635, 5.2947478314847185
3.506798005701487, 0.6080714910231645
3.5152321683421865, 5.533336873644707
7.418748608618521, 0.5094234211904625

0.06356716928474339, 0.5334301003809294
0.6877406424196302, 5.297888713371155
3.5125827575008213, 0.6222925723341453
3.524713862196222, 5.543693145166088
7.427958924065632, 0.5197811921247574

0.07248467588707104, 0.544179210007967
0.7044267359617263, 5.301028797341625
3.5183651492841532, 0.6365133995713343
3.5341892473163794, 5.554048780175016
7.4371793724372095, 0.5301388714234886

0.08141129511812957, 0.5549280811181606
0.7211064222955228, 5.304168054391393
3.524145174455243, 0.650733968341364
3.5436582234977756, 5.564403751560437
7.446409966722224, 0.5404964568642026

0.0903470248585757, 0.5656767085243134
0.7377795988497906, 5.307306454699463
3.5299228262962226, 0.664954274203375
3.5531206891030958, 5.574758031428382
7.455650719934103, 0.5508539462312565

0.09929186291993855, 0.5764250869972254
0.7544461615879139, 5.310443967609584
3.535698097966024, 0.6791743126678754
3.562576541049595, 5.5851115910837095
7.464901645111106, 0.5612113373157492

0.10824580704397223, 0.5871732112651736
0.7711060049946685, 5.3135805616109515
3.541470982498827, 0.6933940791955716
3.5720256747962766, 5.5954644010115215
7.474162755316664, 0.5715686279154448

0.11720885490199942, 0.5979210760133791
0.7877590220631832, 5.316716204318571
3.547241472802474, 0.7076135691961715
3.5814679843312556, 5.6058164308582725
7.483434063639737, 0.5819258158346998

0.1261810040942445, 0.608668675883469
0.8044051042820921, 5.319850862453316
3.5530095616568587, 0.7218327780271643
3.5909033621593314, 5.616167649412585
7.49271558319521, 0.59228289888439

0.13516225214915628, 0.6194160054729302
0.8210441416228994, 5.322984501821627
3.5587752417122975, 0.7360517009925702
3.6003316992897707, 5.626518024585741
7.50200732712424, 0.602639874881829

0.14415259652272056, 0.6301630593345527
0.8376760225275687, 5.3261170872949295
3.5645385054878833, 0.7502703333416643
3.6097528852243412, 5.636867523391905
7.511309308594666, 0.6129967416506948

0.1531520345977618, 0.640909831975865
0.8543006338963466, 5.329248582788678
3.570299345369826, 0.764488670267669
3.6191668079455765, 5.647216111927999
7.520621540801389, 0.6233534970209552

0.16216056368323484, 0.6516563178585608
0.8709178610758496, 5.332378951241126
3.576057753609757, 0.7787067069064169
3.62857335390531, 5.657563755353299
7.529944036966784, 0.6337101388287839

0.17117818101350468, 0.6624025113979156
0.8875275878474124, 5.335508154591709
3.5818137223230155, 0.7929244383349855
3.637972408013496, 5.667910417868732
7.539276810341095, 0.6440666649164853

0.1802048837476161, 0.6731484069621925
0.9041296964157319, 5.338636153759175
3.587567243486924, 0.8071418595702987
3.6473638536273336, 5.678256062695867
7.548619874202868, 0.654423073132414

0.1892406689685518, 0.6838939988720434
0.9207240673978143, 5.341762908619342
3.593318308939024, 0.8213589655676972
3.6567475725406906, 5.688600652055606
7.55797324185936, 0.6647793613308928

0.19828553368247853, 0.6946392813998931
0.9373105798122408, 5.344888377982572
3.599066910375313, 0.8355757512194733
3.6661234449738656, 5.698944147146572
7.567336926647004, 0.6751355273721318

0.20733947481798348, 0.7053842487693209
0.9538891110687774, 5.348012519570867
3.604813039348409, 0.8497922113533768
3.675491349563721, 5.709286508123238
7.576710941931811, 0.6854915691221478

0.21640248922529604, 0.7161288951544263
0.9704595369583409, 5.351135289994734
3.6105566872657575, 0.8640083407310812
3.6848511633541574, 5.719627694073739
7.586095301109851, 0.6958474844526799

0.22547457367550025, 0.7268732146791863
0.9870217316433432, 5.354256644729662
3.616297845387764, 0.8782241340466176
3.694202761786992, 5.72996766299738
7.595490017607707, 0.7062032712411079

0.23455572485973433, 0.7376172014168028
1.0035755676484297, 5.357376538092339
3.6220365048259087, 0.8924395859247677
3.703546018693259, 5.740306371781925
7.604895104882922, 0.7165589273703677

0.2436459393883772, 0.7483608493890378
1.0201209158516371, 5.360494923216539
3.627772656540854, 0.9066546909194269
3.712880806284904, 5.750643776180541
7.614310576424504, 0.7269144507288662

0.25274521379022297, 0.7591041525655371
1.0366576454759793, 5.363611752028711
3.6335062913405105, 0.9208694435119192
3.7222069951469607, 5.760979830788519
7.623736445753393, 0.7372698392103948

0.2618535445116436, 0.7698471048631452
1.0531856240815027, 5.366726975223269
3.639237399878075, 0.9350838381092801
3.7315244542301804, 5.771314489019678
7.63317272642297, 0.7476250907140464

0.270970927915737, 0.7805897001452069
1.0697047175578023, 5.369840542237612
3.6449659726500476, 0.9492978690424925
3.740833050844155, 5.781647703082596
7.642619432019537, 0.7579802031441268

0.2800973602814636, 0.7913319322208551
1.0862147901170447, 5.372952401226805
3.650691999994213, 0.9635115305646842
3.750132650650957, 5.791979423956474
7.652076576162844, 0.7683351744100684

0.28923283780276826, 0.8020737948442903
1.102715704287511, 5.376062499038044
3.6564154720876028, 0.977724816849283
3.7594231176593085, 5.802309601366836
7.661544172506609, 0.7786900024263417

0.2983773565874837, 0.8128152771101935
1.1192073209076816, 5.37917078118479
3.6621363789444095, 0.9919377219881257
3.7687043142190997, 5.812638179157115
7.671022234739046, 0.7890446851123679

0.3075309126497896, 0.8235563347098899
1.1356894991208353, 5.3822771918207035
3.6678547104138928, 1.0061502399895126
3.777976101010019, 5.822965066520744
7.680510776583398, 0.7993992203924656

0.31669350190788287, 0.8342969528050828
1.1521620963701458, 5.385381673713353
3.673570456178251, 1.0203623647762003
3.7872383370358866, 5.833290200850587
7.6900098117985145, 0.809753606195888

0.32586512019079394, 0.8450371249269476
1.1686249683944463, 5.388484168217633
3.6792836057504457, 1.034574090183362
3.796490879628856, 5.843613526613567
7.699519354179387, 0.8201078404567842

0.3350457632379308, 0.8557768445474041
1.1850779692246745, 5.391584615248912
3.6849941484720117, 1.0487854099565015
3.8057335844470557, 5.853934986897261
7.709039417557742, 0.8304619211141072

0.34423542669811735, 0.8665161050783103
1.201520951180974, 5.394682953255936
3.6907020735108196, 1.0629963177493202
3.814966305472427, 5.864254523384296
7.718570015802608, 0.8408158461115298

0.35343410612861725, 0.8772548998706471
1.2179537648704795, 5.3977791191934745
3.6964073698588047, 1.0772068071215335
3.8241888950092346, 5.874572076326514
7.72811116282089, 0.8511696133973475

0.3626417969941424, 0.8879932222136789
1.2343762591857994, 5.400873048494809
3.7021100263296622, 1.0914168715366295
3.8334012036833376, 5.884887584518963
7.737662872557988, 0.86152322092439

0.3718584946658458, 0.8987310653341101
1.250788281304233, 5.403964675043978
3.707810031556506, 1.1056265043595737
3.842603080442162, 5.8952009852737834
7.747225158998394, 0.8718766666499304

0.3810841944202986, 0.9094684223952194
1.2671896766877304, 5.407053931147839
3.7135073739894984, 1.11983569885445
3.851794372555499, 5.90551221439387
7.756798036166294, 0.8822299485355902

0.3903188914384521, 0.9202052864959839
1.2835802890836419, 5.410140747507946
3.719202041893423, 1.1340444481820564
3.8609749256170502, 5.915821206146463
7.76638151812622, 0.8925830645472494

0.39956258080458473, 0.9309416506701816
1.2999599605262666, 5.413225053192266
3.7248940233452292, 1.148252745397428
3.87014458354683, 5.926127893236599
7.775975618983665, 0.9029360126549513

0.4088152575052291, 0.9416775078854837
1.3163285313392252, 5.416306775606737
3.7305833062315554, 1.1624605834472999
3.879303188594415, 5.936432206780456
7.785580352885748, 0.9132887908328109

0.41807691642808464, 0.9524128510425279
1.3326858401386923, 5.419385840466683
3.7362698782461803, 1.176667955167511
3.888450581343055, 5.946734076278601
7.795195734021847, 0.9236413970589201

0.42734755236091465, 0.9631476729739742
1.3490317238375145, 5.42246217176811
3.7419537268874326, 1.1908748532803344
3.8975866007147046, 5.957033429589202
7.804821776624289, 0.9339938293152524

0.43662715999042256, 0.9738819664435467
1.3653660176502216, 5.42553569175889
3.7476348394555994, 1.2050812703917397
3.9067110839759858, 5.967330192901143
7.81445849496901, 0.9443460855875696

0.4459157339011149, 0.9846157241450552
1.3816885550989841, 5.428606320909846
3.753313203050241, 1.2192871989885963
3.9158238667450935, 5.977624290707135
7.8241059033762514, 0.9546981638653269

0.45521326857414196, 0.9953489387013988
1.3979991680205244, 5.431673977885764
3.758988804567484, 1.233492631435785
3.9249247829996983, 5.9879156457768055
7.833764016211261, 0.9650500621415755

0.46451975838612486, 1.0060816026635553
1.4142976865740113, 5.434738579516348
3.764661630697272, 1.2476975599732545
3.9340136650858626, 5.998204179129765
7.843432847885001, 0.975401778412869

0.47383519760796067, 1.0168137085095494
1.4305839392499724, 5.437800040767137
3.7703316679205527, 1.261901976712984
3.94309034372799, 6.00848981000875
7.853112412854854, 0.9857533106791675

0.48315958040360946, 1.0275452486433991
1.4468577528802422, 5.440858274710392
3.77599890250644, 1.276105873635878
3.9521546480398357, 6.0187724558527504
7.862802725625376, 0.9961046569437396

0.4924929008288644, 1.0382762153940495
1.4631189526489683, 5.44391319249598
3.7816633205092987, 1.290309242588572
3.961206405536633, 6.029052032270268
7.8725038007490316, 1.0064558152130645

0.5018351528301002, 1.049006601014279
1.4793673621047223, 5.4469647033223
3.7873249077658033, 1.3045120752801616
3.970245442148309, 6.039328453012596
7.882215652826931, 1.0168067834967394

0.5111863302430031, 1.0597363976795933
1.4956028031737179, 5.450012714407235
3.7929836498919145, 1.318714363278836
3.9792715822338796, 6.049601629947267
7.89193829650962, 1.027157559807378

0.520546426791281, 1.070465597487096
1.5118250961741735, 5.4530571309591425
3.7986395322798447, 1.3329160980084211
3.9882846485970007, 6.059871473031647
7.901671746497847, 1.0375081421605143

0.529915436085351, 1.081194192454331
1.528034059831845, 5.456097856147983
3.804292540094921, 1.3471172707448449
3.997284462502724, 6.070137890286633
7.911416017543345, 1.0478585285745057

0.5392933516210082, 1.0919221745181151
1.5442295112967537, 5.459134791076524
3.809942658272432, 1.3613178726124868
4.006270843695486, 6.080400787770605
7.921171124449629, 1.058208717070431

0.5486801667780735, 1.1026495355333448
1.560411266161134, 5.462167834751682
3.8155898715143826, 1.375517894580439
4.0152436104183495, 6.090660069553573
7.93093708207283, 1.0685587056720005

0.558075874819021, 1.1133762672717717
1.5765791384786239, 5.465196884056044
3.8212341642862118, 1.3897173274586725
4.024202579433528, 6.100915637691574
7.940713905322502, 1.078908492405445

0.5674804688875787, 1.1241023614207724
1.5927329407847244, 5.468221833719543
3.8268755208134513, 1.4039161618940816
4.033147566044212, 6.111167392201332
7.950501609162445, 1.0892580752994268

0.5768939420073124, 1.1348278095820759
1.6088724841185567, 5.471242576291377
3.8325139250782954, 1.4181143883664349
4.042078384117738, 6.121415231035249
7.960300208611577, 1.099607452384938

0.5863162870801836, 1.1455526032704841
1.6249975780459343, 5.474259002112174
3.838149360816141, 1.4323119971842042
4.050994846110092, 6.13165905005674
7.970109718744797, 1.1099566216952004

0.5957474968850871, 1.1562767339125521
1.6411080306837738, 5.477270999286398
3.843781811512023, 1.4465089784802838
4.059896763091848, 6.1418987430159
7.979930154693825, 1.1203055812655633

0.6051875640763617, 1.167000192845262
1.6572036487258723, 5.4802784536550595
3.8494112603970243, 1.4607053222075885
4.068783944775439, 6.152134201525592
7.989761531648133, 1.1306543291334072

0.6146364811822808, 1.177722971314651
1.6732842374700667, 5.483281248768781
3.855037690444574, 1.4749010181345288
4.077656199543907, 6.162365315038014
7.9996038648558105, 1.141002863338046

0.6240942406035148, 1.1884450604744274
1.689349600846801, 5.4862792658611985
3.860661084366704, 1.4890960558403565
4.086513334481101, 6.172591970821643
8.009457169624472, 1.1513511819206215

0.633560834611574, 1.1991664513845595
1.7053995414491203, 5.489272383822762
3.866281424610222, 1.5032904247103833
4.0953551554033325, 6.182814053938796
8.01932146132224, 1.1616992829240047

0.6430362553472192, 1.2098871350098304
1.721433860564115, 5.492260479174961
3.8718986933528, 1.5174841139310613
4.10418146689255, 6.19303144722364
8.029196755378608, 1.1720471643926988

0.6525204948188542, 1.2206071022183682
1.737452358205823, 5.495243426044991
3.877512872498991, 1.5316771124849171
4.112992072331001, 6.203244031260837
8.039083067285409, 1.1823948243727342

0.6620135449008859, 1.2313263437801492
1.7534548331496267, 5.498221096140941
3.8831239436761797, 1.5458694091453493
4.121786773937459, 6.213451684364795
8.04898041259784, 1.1927422609115714

0.6715153973320627, 1.2420448503654766
1.7694410829681386, 5.50119335872747
3.88873188823042, 1.5600609924712758
4.1305653728049885, 6.2236542825595444
8.058888806935395, 1.203089472057997

0.681026043713783, 1.252762612543412
1.7854109040686186, 5.504160080602056
3.8943366872222174, 1.5742518508016141
4.1393276689402905, 6.233851699559368
8.068808265982828, 1.2134364558620256

0.6905454755083753, 1.2634796207802028
1.8013640917319036, 5.507121126071856
3.8999383214222014, 1.5884419722496192
4.148073461304627, 6.244043806750097
8.078738805491229, 1.2237832103747939

0.7000736840373553, 1.2741958654376593
1.8173004401529034, 5.510076356931137
3.905536771306735, 1.602631344697041
4.156802547856381, 6.254230473171249
8.088680441279003, 1.2341297336484667

0.7096106604796469, 1.2849113367715044
1.8332197424826433, 5.513025632439445
3.9111320170533923, 1.6168199557881118
4.165514725595198, 6.264411565498926
8.098633189232924, 1.244476023736131

0.7191563958697811, 1.2956260249296934
1.8491217908718778, 5.515968809300418
3.916724038536379, 1.6310077929233682
4.174209790607794, 6.2745869480296115
8.108597065309171, 1.254822078691696

0.728710881096061, 1.306339919950708
1.8650063765162797, 5.518905741641364
3.922312815321837, 1.645194843253268
4.182887538115383, 6.284756482664856
8.118572085534408, 1.2651678965697881

0.7382741068986985, 1.3170530117617996
1.8808732897032263, 5.521836280993615
3.9278983266630467, 1.6593810936716413
4.191547762522791, 6.294920028896908
8.128558266006872, 1.275513475425656

0.7478460638679181, 1.32776529017721
1.8967223198601735, 5.52476027627367
3.9334805514955318, 1.6735665308089231
4.200190257469213, 6.305077443795322
8.138555622897451, 1.2858588133150657

0.7574267424420323, 1.3384767448963606
1.912553255604631, 5.527677573765209
3.9390594684320512, 1.6877511410251969
4.208814815880654, 6.315228581994614
8.148564172450817, 1.2962039082941976

0.7670161329054841, 1.3491873655019948
1.9283658847957383, 5.530588017101979
3.9446350557574963, 1.7019349104030181
4.217421230024039, 6.325373295683004
8.15858393098653, 1.3065487584195468

0.7766142253868538, 1.3598971414582912
1.9441599945874535, 5.533491447251637
3.950207291423646, 1.7161178247400224
4.226009291563049, 6.335511434592264
8.1686149149002, 1.3168933617478196

0.7862210098568378, 1.3706060621089382
1.9599353714833403, 5.53638770250051
3.955776153043833, 1.7302998695413108
4.234578791615575, 6.3456428459887375
8.17865714066465, 1.3272377163358335

0.7958364761261894, 1.3813141166751703
1.9756918013929614, 5.5392766184393905
3.961341617887473, 1.744481030011593
4.243129520812925, 6.355767374665577
8.188710624831085, 1.3375818202404184

0.8054606138436263, 1.3920212942537629
1.9914290696898758, 5.542158027950363
3.9669036628744765, 1.7586612910470931
4.2516612693607145, 6.365884862936245
8.198775384030283, 1.3479256715183083

0.8150934124937067, 1.4027275838149906
2.0071469612712223, 5.545031761194711
3.9724622645695336, 1.7728406372272005
4.2601738271014, 6.375995150629326
8.208851434973834, 1.3582692682260455

0.8247348613946615, 1.4134329742005447
2.022845260618902, 5.547897645601935
3.9780173991762573, 1.7870190528058638
4.268666983578545, 6.386098075084688
8.21893879445534, 1.3686126084198755

0.8343849496961971, 1.4241374541214062
2.038523751862324, 5.55075550585993
3.9835690425312045, 1.801196521702707
4.277140528102724, 6.396193471151026
8.229037479351655, 1.378955690155647

0.8440436663772605, 1.4348410121556827
2.0541822188427354, 5.5536051639063135
3.9891171700977424, 1.8153730274938724
4.285594249819122, 6.406281171184888
8.23914750662417, 1.3892985114887122

0.8537110002437601, 1.445543636746391
2.0698204451790816, 5.556446438921065
3.994661756959776, 1.8295485534025655
4.294027937776804, 6.416361005051164
8.249268893320073, 1.399641070473818

0.8633869399262565, 1.4562453161992068
2.0854382143354155, 5.559279147320355
4.00020277781534, 1.8437230822893038
4.302441380999578, 6.426432800125148
8.259401656573667, 1.4099833651650147

0.8730714738776053, 1.466946038680162
2.1010353096898235, 5.562103102751677
4.005740206970004, 1.857896596641852
4.3108343685585595, 6.436496381296141
8.2695458136077, 1.420325393615546

0.8827645903705684, 1.4776457922133022
2.1166115146048257, 5.564918116090351
4.011274018330143, 1.8720690785648246
4.319206689646281, 6.446551570972725
8.279701381734652, 1.4306671538777536

0.8924662774953773, 1.488344564678288
2.1321666124992777, 5.567723995437366
4.016804185396041, 1.8862405097689587
4.32755813365245, 6.456598189089703
8.289868378358133, 1.4410086440029752

0.902176523157256, 1.4990423438079539
2.1477003869216946, 5.57052054611862
4.022330681254819, 1.9004108715600398
4.335888490241261, 6.4666360531167575
8.30004682097425, 1.4513498620414391

0.911895315073904, 1.509739117185822
2.163212621624997, 5.573307570685601
4.027853478573181, 1.91458014482745
4.344197549430243, 6.476664978068872
8.31023672717298, 1.4616908060421676

0.9216226407729327, 1.5204348722435557
2.178703100642638, 5.576084868917532
4.0333725495899895, 1.928748310032353
4.35248510167067, 6.48668477651859
8.320438114639625, 1.4720314740528748

0.9313584875892583, 1.5311295962583658
2.1941716083660854, 5.5788522378249805
4.03888786610865, 1.9429153471954772
4.360750937929413, 6.496695258610097
8.330651001156207, 1.4823718641198664

0.9411028426624516, 1.5418232763503708
2.2096179296236076, 5.581609471655015
4.044399399489299, 1.9570812358845013
4.3689948497723075, 6.506696232075216
8.340875404602958, 1.492711974287938

0.9508556929340349, 1.5525158994798913
2.22504184976034, 5.584356361897909
4.049907120640789, 1.971245955201002
4.37721662944891, 6.51668750225136
8.351111342959735, 1.503051802600273

0.9606170251447411, 1.5632074524446993
2.2404431547195767, 5.5870926972953825
4.055411000012463, 1.9854094837669778
4.3854160699786755, 6.526668872101429
8.36135883430759, 1.5133913470983498

0.9703868258317151, 1.5738979218772093
2.255821631125245, 5.589818263850462
4.0609110075857355, 1.999571799710905
4.393592965238464, 6.5366401422357425
8.371617896830259, 1.5237306058218347

0.9801650813256743, 1.5845872942416097
2.2711770663655177, 5.592532844838958
4.066407112865416, 2.013732880653321
4.401747110051381, 6.546601110936054
8.381888548815688, 1.5340695768084813

0.9899517777480107, 1.595275555830934
2.286509248677504, 5.595236220822546
4.071899284870841, 2.027892703691915
4.409878300276864, 6.556551574181617
8.392170808657605, 1.5444082580940344

0.9997469010078487, 1.6059626927640793
2.3018179672329775, 5.59792816966352
4.077387492126719, 2.0420512453860975
4.417986332902014, 6.566491325677441
8.402464694857109, 1.5547466477121321

1.0095504367990484, 1.616648690982759
2.3171030122250613, 5.6006084665412175
4.082871702653767, 2.0562084817410455
4.426071006134073, 6.576420156884648
8.412770226024268, 1.5650847436942013

1.01936237059715, 1.6273335362483936
2.3323641749558544, 5.603276883970076
4.088351883959091, 2.0703643881911873
4.434132119494033, 6.5863378570530875
8.423087420879773, 1.575422544069362

1.0291826876562737, 1.638017214138934
2.3476012479248576, 5.605933191819432
4.093828003026288, 2.0845189395830963
4.442169473911307, 6.596244213256151
8.433416298256558, 1.5857600468643283

1.0390113730059536, 1.6486997100456307
2.3628140249182343, 5.608577157334968
4.09930002630526, 2.0986721101578074
4.450182871819393, 6.606139010427848
8.443756877101505, 1.5960972501033073

1.0488484114479228, 1.6593810091697239
2.37800230109873, 5.611208545161867
4.104767919701767, 2.112823873532477
4.458172117252499, 6.6160220314021885
8.454109176477143, 1.6064341518079057

1.0586937875528333, 1.6700610965190723
2.3931658730962795, 5.613827117369677
4.110231648566675, 2.126974202681404
4.4661370159430485, 6.625893056954877
8.464473215563373, 1.6167707499970256

1.068547485656921, 1.6807399569047141
2.4083045390991384, 5.616432633478844
4.115691177684902, 2.141123069916373
4.474077375419983, 6.6357518658473245
8.474849013659197, 1.6271070426867724

1.0784094898586079, 1.6914175749373457
2.423418098945519, 5.61902485048894
4.1211464712640336, 2.155270446866276
4.481993005107851, 6.6455982348730425
8.485236590184533, 1.6374430278903558

1.0882797840150433, 1.7020939350237427
2.438506354215626, 5.621603522908581
4.126597492922618, 2.1694163044560058
4.4898837164264975, 6.6554319389064025
8.495635964682016, 1.647778703617987

1.0981583517385824, 1.7127690213630993
2.4535691083239906, 5.624168402786978
4.132044205678121, 2.1835606128845737
4.497749322891467, 6.665252750953816
8.506047156818804, 1.6581140678767907

1.1080451763931942, 1.7234428179432884
2.468606166612075, 5.626719239747174
4.1374865719345175, 2.1977033416024225
4.505589640214838, 6.675060442207294
8.516470186388458, 1.6684491186707047

1.1179402410908046, 1.7341153085370538
2.483617336440965, 5.62925578102086
4.142924553469512, 2.2118444592879
4.513404486406556, 6.684854782100468
8.526905073312825, 1.67878385400038

1.1278435286875845, 1.7447864766981103
2.498602427284139, 5.631777771484819
4.148358111421394, 2.225983933822867
4.521193681876118, 6.694635538366994
8.537351837643934, 1.6891182718630935

1.1377550217801484, 1.7554563057571761
2.5135612508201874, 5.634284953698941
4.153787206275458, 2.240121732267387
4.528957049534556, 6.7044024771014605
8.547810499565967, 1.6994523702526445

1.147674702701694, 1.7661247788179089
2.528493621025361, 5.636777067945744
4.15921179785006, 2.2542578208334656
4.536694414896637, 6.714155362822675
8.558281079397206, 1.7097861471592626

1.157602553518064, 1.776791878752773
2.543399354265872, 5.63925385227142
4.164631845282198, 2.2683921648577976
4.544405606183109, 6.723893958539465
8.568763597592033, 1.720119600569515

1.16753855602374, 1.7874575881988042
2.558278269389849, 5.641715042528288
4.170047307012659, 2.2825247287734745
4.552090454423062, 6.733618025818843
8.579258074742997, 1.7304527284662106

1.1774826917377512, 1.7981218895532949
2.573130187818808, 5.6441603724187
4.17545814077071, 2.2966554760806197
4.559748793556165, 6.743327324856685
8.589764531582835, 1.7407855288283056

1.1874349418995154, 1.8087847649693891
2.5879549336385477, 5.646589573540237
4.1808643035582875, 2.3107843693158783
4.567380460534783, 6.753021614550806
8.60028298898655, 1.7511179996308124

1.1973952874645877, 1.8194461963515787
2.602752333689371, 5.649002375432244
4.186265751633698, 2.324911370020741
4.574985295425775, 6.762700652576452
8.610813467973617, 1.761450138844703

1.2073637091003395, 1.8301061653511108
2.6175222176554818, 5.651398505623509
4.191662440494788, 2.3390364387086184
4.58256314151204, 6.772364195464203
8.62135598971005, 1.7717819444368186

1.2173401871815448, 1.8407646533612967
2.632264418153458, 5.653777689681152
4.1970543248615515, 2.353159534830647
4.590113845393534, 6.782011998334939
8.631910575510618, 1.7821134140244548

1.227324701785886, 1.8514216415127085
2.646978770819578, 5.656139651260512
4.202441358658191, 2.3672806167401297
4.597637257083208, 6.791643795167953
8.642477246836629, 1.7924445250607317

1.237317232689352, 1.8620771106682041
2.6616651143952383, 5.658484112155801
4.207823494994567, 2.381399641655557
4.605133230098832, 6.801259327598837
8.653056025290951, 1.8027752635475685

1.2473177593615494, 1.8727310414178742
2.676323290811283, 5.660810792351693
4.213200686147038, 2.3955165656221715
4.612601621570967, 6.81085834848417
8.663646932629822, 1.8131056275131199

1.257326260960945, 1.8833834140739343
2.6909531452714512, 5.663119410075837
4.218572883538667, 2.4096313434719807
4.620042292342916, 6.820440609960986
8.674249990766974, 1.8234356149816247

1.2673427163299906, 1.8940342086655153
2.705554526334318, 5.665409681852074
4.223940037718722, 2.4237439287821703
4.627455107067988, 6.830005863538575
8.684865221775983, 1.8337652239733135

1.2773671039901715, 1.90468340493334
2.7201272859935495, 5.667681322554195
4.229302098341489, 2.4378542738318094
4.634839934305673, 6.839553860192468
8.695492647892696, 1.844094452504314

1.2873994021369484, 1.9153309823242877
2.734671279756345, 5.669934045460197
4.2346590141443885, 2.451962329556814
4.642196646616671, 6.84908435046062
8.706132291517637, 1.8544232985865627

1.2974395886345982, 1.9259769199858447
2.74918636671993, 5.67216756230681
4.240010732925261, 2.4660680455030266
4.6495251206566595, 6.858597084541677
8.716784175218496, 1.8647517602277095

1.3074876410109384, 1.936621196760433
2.7636724096459653, 5.6743815833442355
4.245357201518914, 2.480171369777396
4.656825237268648, 6.868091812395343
8.727448321732627, 1.8750798354310274

1.3175435364519668, 1.9472637911796182
2.778129275032736, 5.676575817390925
4.250698365772806, 2.494272248997078
4.6640968815739114, 6.877568283844759
8.738124753969625, 1.885407522195327

1.32760725179637, 1.9579046814581909
2.7925568331849573, 5.678749971888259
4.256034170521855, 2.5083706282364493
4.671339943061321, 6.887026248680847
8.748813495013872, 1.895734818514859

1.3376787635299277, 1.96854384548812
2.806954958281099, 5.680903752954908
4.261364559562378, 2.522466450971865
4.678554315674973, 6.896465456768542
8.759514568127207, 1.9060617223792309

1.3477580477798037, 1.9791812608323829
2.8213235284380325, 5.683036865440804
4.266689475625036, 2.536559659024075
4.685739897900062, 6.9058856581549
8.770227996751583, 1.9163882317733103

1.3578450803087072, 1.9898169047186527
2.8356624257729117, 5.685149012980453
4.272008860346793, 2.55065019249821
4.692896592846833, 6.915286603178949
8.78095380451179, 1.9267143446771438

1.367939836508942, 2.0004507540328516
2.849971536462092, 5.687239898045454
4.277322654241852, 2.5647379897211566
4.7000243083325435, 6.9246680425832565
8.791692015218217, 1.937040059065864

1.3780422913963168, 2.0110827853125626
2.8642507507969674, 5.689309221996
4.282630796671523, 2.578822987176259
4.70712295696135, 6.934029727627138
8.802442652869642, 1.9473653729096065

1.3881524196039445, 2.021712974740306
2.8784999632365817, 5.691356685131169
4.287933225812892, 2.592905119435179
4.714192456201969, 6.943371410201406
8.813205741656107, 1.9576902841734165

1.3982701953758827, 2.0323412981366507
2.8927190724568375, 5.693381986737759
4.293229878626367, 2.606984319086769
4.721232728463052, 6.952692842944602
8.823981305961807, 1.9680147908171663

1.4083955925606588, 2.0429677309531904
2.9069079813961824, 5.695384825137452
4.298520690821927, 2.621060516662833
4.728243701166188, 6.961993779360617
8.834769370368026, 1.9783388907954698

1.4185285846046412, 2.0535922482653644
2.9210665972975995, 5.697364897732092
4.303805596824106, 2.6351336405605905
4.735225306816374, 6.971273973937633
8.845569959656135, 1.9886625820575978

1.4286691445452702, 2.0642148247651155
2.935194831746759, 5.6993219010467415
4.309084529735592, 2.649203616961693
4.7421774830699395, 6.980533182268257
8.856383098810651, 1.998985862547388

1.4388172450041352, 2.0748354347533673
2.9492926007061744, 5.701255530770373
4.314357421299383, 2.663270369747628
4.749100172799809, 6.989771161170804
8.867208813022298, 2.009308730203172

1.4489728581798968, 2.0854540521323734
2.9633598245452077, 5.703165481793779
4.319624201859471, 2.6773338204112944
4.755993324157934, 6.998987668811616
8.87804712769118, 2.019631182957684

1.459135955841054, 2.0960706503978646
2.977396428065767, 5.705051448244536
4.32488480031993, 2.6913938879645847
4.7628568906349615, 7.008182464828281
8.888898068429976, 2.029953218737977

1.4693065093185418, 2.1066852026310405
2.991402340523543, 5.706913123518608
4.330139144102344, 2.7054504888417243
4.769690831116916, 7.0173553104537305
8.899761661067183, 2.0402748354653477

1.4794844894981614, 2.117297681490361
3.005377495644619, 5.708750200308347
4.335387159101553, 2.7195035367982103
4.7764951099388755, 7.026505968641052
8.910637931650422, 2.0505960310552545

1.4896698668128392, 2.127908059203167
3.0193218316373014, 5.710562370626514
4.340628769639516, 2.7335529428050607
4.783269696935578, 7.035634204188914
8.92152690644979, 2.0609168034172325

1.4998626112346933, 2.1385163075571128
3.033235291199, 5.712349325825993
4.34586389841731, 2.7475986149381515
4.790014567488837, 7.044739783867564
8.932428611961326, 2.0712371504548233

1.5100626922669294, 2.149122397891403
3.0471178215180084, 5.714110756614799
4.351092466465127, 2.7616404582623844
4.796729702571745, 7.0538224765451725
8.943343074910434, 2.0815570700654917

1.5202700789355326, 2.1597263010878187
3.0609693742700026, 5.715846353066044
4.356314393090141, 2.7756783747104015
4.803415088789536, 7.062882053314562
8.954270322255443, 2.0918765601405456

1.5304847397807588, 2.1703279875615538
3.0747899056091215, 5.717555804622399
4.36152959582218, 2.7897122629555486
4.810070718417132, 7.071918287620063
8.965210381191227, 2.102195618565068

1.540706642848435, 2.180927427251827
3.0885793761534064, 5.719238800094707
4.366737990357073, 2.803742018278803
4.816696589433224, 7.080930955384499
8.976163279152818, 2.1125142432178365

1.550935755681026, 2.191524589612309
3.1023377509645007, 5.7208950276542145
4.371939490497562, 2.817767532429314
4.82329270555087, 7.089919835136131
8.987129043819186, 2.1228324319712533

1.561172045308498, 2.202119443601269
3.1160649995213707, 5.7225241748180515
4.377134008091635, 2.8317886934782073
4.829859076244594, 7.098884708135433
8.998107703117002, 2.133150182691268

1.571415478238941, 2.2127119576715595
3.12976109568792, 5.724125928427416
4.382321452968144, 2.845805385665302
4.836395716773857, 7.107825358501632
9.009099285224469, 2.143467493237311

1.5816660204489676, 2.2233020997603243
3.143426017674278, 5.725699974617967
4.387501732869628, 2.8598174892383383
4.842902648202931, 7.116741573338873
9.020103818575294, 2.153784361462218

1.5919236373738528, 2.233889837278475
3.157059747991613, 5.72724599878193
4.392674753382068, 2.873824880284296
4.849379897417107, 7.125633142861888
9.031121331862694, 2.164100785212169

1.6021882938974306, 2.244475137099924
3.1706622734002647, 5.7287636855213115
4.397840417861575, 2.8878274305523712
4.855827497135195, 7.13449986052105
9.042151854043382, 2.174416762326605

1.6124599543417284, 2.255057965550564
3.184233584851021, 5.730252718591688
4.4029986273576736, 2.901825007268152
4.862245485918312, 7.143341523126712
9.053195414341795, 2.184732290638184

1.6227385824563159, 2.265638288396972
3.19777367741931, 5.731712780835904
4.408149280533158, 2.915817472938463
4.8686339081749175, 7.152157930972698
9.064252042254271, 2.1950473679726916

1.6330241414073816, 2.2762160708348698
3.211282550232157, 5.733143554107114
4.413292273580217, 2.929804685146391
4.8749928141620815, 7.160948887958852
9.075321767553328, 2.2053619921489993

1.6433165937665126, 2.2867912774772714
3.2247602063876455, 5.734544719180376
4.418427500132703, 2.9437864963359037
4.88132225998295, 7.169714201712498
9.086404620292036, 2.2156761609789943

1.653615901499161, 2.2973638723423693
3.2382066528667117, 5.735915955652243
4.4235548511742575, 2.957762753585478
4.887622307580458, 7.17845368370876
9.097500630808502, 2.2259898722675113

1.663922025952806, 2.3079338188411254
3.251621900437017, 5.737256941827451
4.428674214942169, 2.9717332983700944
4.893893024727212, 7.187167149389521
9.108609829730371, 2.236303123812285

1.6742349278447677, 2.3185010797645353
3.265005963548697, 5.738567354592049
4.433785476826624, 2.985697966310928
4.900134485011586, 7.1958544182810416
9.119732247979414, 2.2466159134038826

1.6845545672496895, 2.3290656172706163
3.278358860221729, 5.739846869272045
4.438888519265163, 2.9996565869120264
4.9063467678200645, 7.204515314110024
9.130867916776289, 2.2569282388256595

1.6948809035866543, 2.3396273928710363
3.291680611924678, 5.741095159476762
4.443983221632032, 3.0136089832831785
4.912529958315748, 7.21314966491809
9.14201686764528, 2.267240097853696

1.7052138956059293, 2.350186367417422
3.3049712434445637, 5.742311896925997
4.449069460122201, 3.0275549718482018
4.918684147413158, 7.221757303174484
9.153179132419199, 2.2775514882567562

1.7155535013753174, 2.3607425010873366
3.318230782747563, 5.743496751259915
4.454147107629634, 3.0414943620377612
4.924809431749261, 7.230338065887005
9.164354743244363, 2.2878624077962293

1.7258996782661093, 2.371295753369878
3.331459260830268, 5.744649389830811
4.459216033619628, 3.0554269559657854
4.930905913650828, 7.238891794710994
9.175543732585627, 2.2981728542260815

1.7362523829385963, 2.3818460830509345
3.344656711561227, 5.745769477475517
4.464276103994762, 3.0693525480885016
4.9369737010980765, 7.247418336056256
9.186746133231575, 2.308482825292816

1.7466115713271553, 2.3923934481980367
3.3578231715123983, 5.746856676267381
4.469327180954173, 3.083270924845075
4.9430129076846985, 7.25591754119195
9.197961978299759, 2.318792318735426

1.7569771986248603, 2.4029378061448408
3.370958679780231, 5.747910645246628
4.4743691228456886, 3.0971818642786637
4.949023652574298, 7.264389266349179
9.209191301242091, 2.329101332285358

1.7673492192676092, 2.4134791134751894
3.3840632777960047, 5.748931040127778
4.47940178401048, 3.1110851356367553
4.955006060453233, 7.272833372821365
9.220434135850288, 2.3394098636664657

1.777727586917745, 2.4240173260067652
3.3971370091250392, 5.749917512982786
4.484425014619747, 3.124980498949474
4.9609602614800385, 7.281249727062213
9.231690516261434, 2.34971791059498

1.7881122544471484, 2.4345523987742888
3.4101799192544004, 5.750869711898469
4.489438660502965, 3.1388677045845355
4.966886391231355, 7.289638200781212
9.242960476963695, 2.3600254707794726

1.798503173919767, 2.445084286012302
3.423192055368666, 5.751787280606668
4.494442562967228, 3.1527464927773408
4.9727845906445065, 7.2979986710366385
9.25424405280208, 2.3703325419208228

1.8089002965735663, 2.455612941137453
3.436173466113316, 5.752669858085588
4.499436558607137, 3.1666165931347012
4.978655005956771, 7.306331020325949
9.265541278984378, 2.3806391217121905

1.8193035728018647, 2.466138316730313
3.4491242013452537, 5.753517078130513
4.504420479104631, 3.1804777241105158
4.984497788641409, 7.31463513667349
9.27685219108719, 2.390945207838997

1.8297129521340294, 2.476660364516688
3.4620443118699598, 5.754328568892106
4.50939415101821, 3.1943295924516386
4.990313095340536, 7.322910913715502
9.288176825062052, 2.4012507979788915

1.8401283832154955, 2.487179035348419
3.4749338491647386, 5.755103952380331
4.5143573955608804, 3.2081718926120213
4.996101087794929, 7.331158250782371
9.299515217241723, 2.411555889801733

1.8505498137870762, 2.497694279183625
3.4877928650874517, 5.75584284393196
4.519310028366106, 3.2220043061331043
5.001861932770827, 7.339377052978005
9.310867404346608, 2.421860480969584

1.860977190663524, 2.5082060450664003
3.5006214115701524, 5.7565448516393625
4.524251859241098, 3.2358265009883005
5.007595801983851, 7.347567231256349
9.322233423491252, 2.43216456913668

1.8714104597113153, 2.518714281105921
3.5134195402969164, 5.757209575738291
4.529182691906583, 3.2496381308892275
5.013302872020078, 7.355728702495013
9.33361331219104, 2.4424681519494396

1.8818495658255947, 2.529218934454943
3.526187302365189, 5.757836607952115
4.5341023237222435, 3.2634388345512066
5.018983324254446, 7.36386138956592
9.345007108368993, 2.452771227046437

1.892294452906267, 2.539719951287676
3.5389247479298507, 5.7584255307898005
4.539010545396951, 3.2772282349153508
5.02463734476652, 7.371965221402997
9.356414850362725, 2.4630737920584136

1.9027450638331493, 2.550217276776989
3.5516319258292093, 5.758975916794734
4.543907140682816, 3.291005938324393
5.030265124253764, 7.38004013306687
9.36783657693153, 2.4733758446082734

1.9132013404401698, 2.5607108550709365
3.5643088831920093, 5.759487327741418
4.548791886052013, 3.3047715336491836
5.035866857942393, 7.38808606580654
9.379272327263632, 2.4836773823110834

1.9236632234885382, 2.5712006292685685
3.5769556650245424, 5.759959313776574
4.553664550355334, 3.318524591362561
5.041442745495974, 7.396102967118035
9.390722140983607, 2.4939784027740908

1.934130652638832, 2.58168654139499
3.589572313776798, 5.7603914125012485
4.5585248944612715, 3.332264662557084
5.046992990921826, 7.404090790800044
9.402186058159899, 2.5042789035967283

1.9446035664219399, 2.592168532375641
3.6021588688865944, 5.760783147990139
4.56337267087435, 3.345991277902833
5.052517802475344, 7.412049497006517
9.41366411931257, 2.514578882370637

1.9550819022088042, 2.6026465420097593
3.614715366300519, 5.761134029744006
4.5682076233314515, 3.3597039465412046
5.058017392562421, 7.4199790522962585
9.425156365421207, 2.52487833667968

1.9655655961788667, 2.613120508942991
3.6272418379703733, 5.761443551570902
4.573029486374618, 3.3734021549103703
5.063491977640031, 7.4278794296795425
9.436662837932955, 2.5351772640999726

1.9760545832871739, 2.6235903706391204
3.6397383113237898, 5.761711190391502
4.577837984898825, 3.3870853654976525
5.068941778115089, 7.435750608661711
9.448183578770792, 2.5454756621999164

1.9865487972300286, 2.634056063350839
3.6522048087075762, 5.76193640496362
4.58263283367312, 3.4007530155138443
5.0743670182417775, 7.443592575283853
9.459718630341932, 2.5557735285402265

1.9970481704091203, 2.6445175220895383
3.664641346802151, 5.762118634520382
4.5874137368332955, 3.414404515484021
5.079767926017413, 7.451405322160577
9.471268035546464, 2.566070860673978

2.0075526338940373, 2.6549746805940915
3.6770479360054535, 5.762257297316428
4.592180387344288, 3.428039247749011
5.085144733076978, 7.459188848514915
9.482831837786128, 2.5763676561466546

2.018062117383051, 2.6654274712985337
3.6894245797844176, 5.762351789075839
4.5969324664302125, 3.4416565648713138
5.090497674586483, 7.466943160210382
9.494410080973378, 2.586663912496191

2.0285765491620644, 2.675875825298612
3.701771273992132, 5.762401481335136
4.60166964296991, 3.4552557879386327
5.095826989135215, 7.474668269780314
9.50600280954055, 2.5969596272530326

2.039095856061622, 2.686319672317131
3.7140880061485038, 5.76240571967417
4.606391572855685, 3.468836204757882
5.101132918627147, 7.482364196454482
9.51761006844933, 2.607254797940201

2.0496199634118346, 2.696758940668047
3.7263747546821793, 5.7623638218271465
4.611097898312709, 3.4823970679317373
5.106415708171439, 7.490030966183073
9.5292319032004, 2.617549422073365

2.060148794995083, 2.707193557219226
3.7386314881312814, 5.762275075665442
4.615788247176444, 3.495937592809425
5.111675605972345, 7.49766861165813
9.5408683598433, 2.627843497160904

2.0706822729963865, 2.7176234473537986
3.7508581643002943, 5.762138737043264
4.6204622321252335, 3.5094569553025847
5.116912863218554, 7.505277172332535
9.552519484986574, 2.638137020704006

2.0812203179512223, 2.728048534930042
3.7630547293702867, 5.761954027496457
4.625119449864957, 3.522954289556518
5.1221277339720555, 7.51285669443656
9.564185325808086, 2.64842999019674

2.0917628486906685, 2.7384687422396827
3.7752211169593917, 5.761720131783976
4.629759480262432, 3.536428685466217
5.127320475056861, 7.520407230992197
9.575865930065696, 2.6587224031261614

2.1023097822836725, 2.748883989964557
3.78735724713025, 5.761436195260884
4.6343818854240535, 3.54987918602589
5.132491345947399, 7.52792884182525
9.587561346108055, 2.669014256972408

2.1128610339762353, 2.7592941971315126
3.799463025340905, 5.76110132107062
4.638986208715901, 3.5633047844996697
5.137640608657038, 7.535421593575367
9.599271622885757, 2.6793055492088116

2.123416517127311, 2.7696992810654466
3.8115383413352912, 5.7607145671435145
4.643571973721079, 3.576704421400296
5.142768527626603, 7.542885559704137
9.610996809962792, 2.689596277302014

2.1339761431411532, 2.7800991573403664
3.823583067969233, 5.760274942987366
4.648138683130089, 3.5900769812615647
5.14787536961315, 7.550320820501305
9.622736957528206, 2.6998864387120967

2.1445398213959077, 2.7904937397283693
3.8355970599675224, 5.759781406254851
4.6526858175594015, 3.6034212891890776
5.152961403579069, 7.557727463089281
9.634492116408081, 2.7101760308927023

2.1551074591681156, 2.800882940146384
3.847580152607326, 5.759232859071229
4.657212834293199, 3.616736107172712
5.158026900581653, 7.565105581426072
9.646262338077877, 2.7204650512911885

2.165678961552875, 2.8112666686005374
3.859532160322789, 5.758628144104622
4.661719165942842, 3.630020130142853
5.163072133663262, 7.572455276306766
9.658047674674997, 2.730753497348769

2.176254231379331, 2.821644833128
3.871452875225347, 5.757966040359566
4.6662042455065365, 3.643271981741962
5.168097377742135, 7.5797766553636885
9.669848205500083, 2.7410413664916007

2.1868331691240153, 2.8320173397365163
3.883342065533792, 5.757245258674629
4.6706676139820855, 3.656490209607927
5.173102909504056, 7.587069833065394
9.681664146166709, 2.7513286559281886

2.197415672824853, 2.8423840923418022
3.8951994739077103, 5.756464436903693
4.6751086484359385, 3.669673280541564
5.1780890072949095, 7.5943349307146315
9.693495578310253, 2.7616153626453843

2.2080016379835796, 2.852744992701246
3.9070248156774574, 5.75562213475066
4.679526667408493, 3.682819575533343
5.183055951014247, 7.601572076445457
9.70534255674031, 2.7719014836105513

2.2185909574589457, 2.863099940343943
3.918817776963333, 5.7547168282324
4.68392095664319, 3.6959273842256275
5.188004022009958, 7.608781405219631
9.717205137032629, 2.7821870157809765

2.229183521353093, 2.873448832497202
3.9305780126760155, 5.75374690374305
4.688290767114129, 3.7089948989672283
5.192933502974128, 7.615963058822477
9.729083375544471, 2.7924719561039777

2.239779216890592, 2.8837915640092993
3.942305144389785, 5.752710651689108
4.692635312920341, 3.722020208438868
5.197844677840213, 7.623117185858355
9.74097732943038, 2.8027563015170056

2.2503779282895375, 2.8941280272681675
3.9539987580794174, 5.751606259662146
4.696953769037098, 3.735001290816264
5.202737831681569, 7.630243941745854
9.752887056658428, 2.81304004894775

2.260979536624059, 2.904458112115748
3.965658401710963, 5.7504318051134184
4.701245268914038, 3.7479360064349363
5.207613250611436, 7.637343488712992
9.764812616026898, 2.8233231953142703

2.2715839196775236, 2.9147817057576564
3.977283582675958, 5.749185247491839
4.705508901909043, 3.7608220899179163
5.212471221684475, 7.644415995792423
9.776754067181583, 2.833605737525117

2.282190951785667, 2.9250986926678135
3.988873765057817, 5.747864419803416
4.709743710546079, 3.773657141724493
5.217312032799858, 7.651461638816941
9.788711470633432, 2.843887672479463

2.2928005036687598, 2.935408954487644
4.000428366718421, 5.746467019547321
4.7139486875843835, 3.7864386190748145
5.222135972606016, 7.658480600415365
9.800684887776915, 2.854168997067253

2.3034124422519118, 2.945712369919421
4.011946756192075, 5.7449905989798005
4.718122772885532, 3.7991638262015233
5.226943330407087, 7.665473070008994
9.812674380908826, 2.864449708169356

2.314026630472442, 2.95600881461327
4.023428249373142, 5.743432554653713
4.722264850063923, 3.8118299038759274
5.231734396071108, 7.672439243808707
9.824680013247775, 2.874729802657715

2.324642927073194, 2.9662981610473413
4.034872105982681, 5.74179011617701
4.726373742905363, 3.824433818151999
5.236509459939956, 7.679379324812978
9.836701848954283, 2.885009277395519

2.33526118638055, 2.9765802784005637
4.046277525798692, 5.740060334129395
4.730448211537353, 3.836972348267239
5.241268812741105, 7.686293522806757
9.848739953151485, 2.8952881292373833

2.345881258065721, 2.986855032417355
4.057643644633299, 5.738240067071757
4.734486948333654, 3.8494420736348
5.24601274550115, 7.693182054361506
9.860794391946628, 2.905566355029531

2.3565029868878478, 2.9971222852636363
4.068969530039522, 5.736325967577835
4.738488573534698, 3.8618393598563845
5.2507415494611775, 7.70004514283638
9.87286523245315, 2.9158439516099786

2.367126212417187, 3.007381895373371
4.080254176729019, 5.73431446721278
4.742451630564267, 3.874160343680266
5.255455515993897, 7.706883018380662
9.884952542813641, 2.9261209158087462

2.377750768736515, 3.0176337172848062
4.091496501681379, 5.732201760377539
4.746374581021775, 3.886400916823447
5.260154936522517, 7.71369591793753
9.897056392223547, 2.9363972444480706

2.3883764841187176, 3.027877601465517
4.102695338924513, 5.729983786932528
4.750255799328374, 3.8985567085712804
5.264840102441415, 7.720484085249228
9.909176850955754, 2.946672934342619

2.3990031806782386, 3.038113394125226
4.1138494339646625, 5.7276562135082
4.754093567004197, 3.9106230670621005
5.269511305038391, 7.727247770863573
9.921313990385983, 2.9569479822997162

2.4096306739938917, 3.0483409370153134
4.124957437843805, 5.725214413404098
4.7578860665528095, 3.922595039158541
5.274168835418582, 7.73398723214186
9.933467883019231, 2.967222385119595

2.4202587727001803, 3.058560067213756
4.136017900801481, 5.722653444972026
4.761631374928243, 3.9344673488011295
5.278812984429852, 7.7407027332680975
9.945638602517096, 2.9774961395956367

2.4308872780439925, 3.0687706168941844
4.14702926551728, 5.7199680283729855
4.765327456559095, 3.9462343737338665
5.2834440425895925, 7.7473945452594215
9.957826223726236, 2.9877692425146267

2.441515983403183, 3.078972413077483
4.157989859910131, 5.717152520591672
4.768972155903627, 3.957890120485797
5.288062300012782, 7.754062945977648
9.970030822707868, 2.9980416906570255

2.4521446737631565, 3.0891652773643417
4.168897889470189, 5.714200888586976
4.7725631895094764, 3.969428197487106
5.292668046341167, 7.760708220141682
9.982252476768505, 3.008313480797245

2.4627731251470677, 3.099349025646833
4.1797514290995155, 5.7111066804520645
4.776098137551656, 3.980841786193585
5.297261570673376, 7.767330659340562
9.994491264491877, 3.01858460970394

2.4733958606743816, 3.1095234677999657
4.190548381271559, 5.707862994454162
4.779574390361065, 3.992123610091795
5.3018431649974875, 7.773930562046869
0.006741948313589686, 3.0288550741403197

2.4839871399258504, 3.1196884075155227
4.201286371113054, 5.704462445850059
4.7829890109877935, 4.0032659015844105
5.306413134089372, 7.780508233632085
0.01897875035435546, 3.0391248708656673

2.494543185399074, 3.129843642413029
4.211963003436757, 5.70089713136751
4.786339083611963, 4.014260366731209
5.310971767220993, 7.78706398638468
0.031198175023107042, 3.0493939966389774

2.5050635722735115, 3.1399889638331544
4.2225757356898495, 5.697158591116166
4.789621546361393, 4.025098147238118
5.315519350596105, 7.793598139522806
0.04340013835312614, 3.0596624482204167

2.515547862002033, 3.1501241564774856
4.233121845810074, 5.693237767830215
4.792833151509232, 4.035769779703088
5.320056169533521, 7.800111019203526
0.05558455495680595, 3.0699302223719642

2.525995601380836, 3.16024899801515
4.243598420719741, 5.689124963346224
4.795970453507105, 4.0462651521011
5.324582508397274, 7.806602958529277
0.06775133798597557, 3.080197315858001

2.5364063215308246, 3.170363258654095
4.254002344233154, 5.684809792212777
4.799029796381386, 4.056573457406853
5.329098650525591, 7.8130742975507586
0.07990039909043718, 3.09046372544597

2.5467795367806207, 3.1804667006732954
4.264330284390294, 5.680281132349977
4.802007300500343, 4.066683144274788
5.333604878158325, 7.81952538326504
0.09203164837458916, 3.1007294479070233

2.55711474343996, 3.190559077911752
4.2745786802431605, 5.675527072707859
4.804898848733008, 4.076581864727193
5.338101472362315, 7.825956569607695
0.10414499435199696, 3.1109944800167266

2.56741141845096, 3.2006401352096185
4.284743728138674, 5.670534857915428
4.807700072037166, 4.086256418844203
5.342588712954101, 7.832368217437513
0.11624034389776028, 3.121258818555758

2.5776690179029345, 3.2107096077962827
4.294821367564142, 5.665290829969526
4.81040633453541, 4.095692696507254
5.347066878419491, 7.83876069451213
0.12831760219851024, 3.131522460310665

2.5878869753947114, 3.220767220619623
4.304807266649141, 5.659780367089379
4.813012718165062, 4.104875616324643
5.3515362458293145, 7.845134375452767
0.14037667269985363, 3.1417854020746403

2.59806470022617, 3.230812687609989
4.314696807452976, 5.653987819963095
4.8155140070221, 4.113789061968673
5.355997090750663, 7.851489641695999
0.15241745705106594, 3.152047640648334

2.6082015753982946, 3.2408457108717164
4.324485071210659, 5.647896445743323
4.817904671561923, 4.1224158162853
5.360449687152949, 7.85782688143019
0.16443985504680994, 3.162309172840715

2.6182969553982502, 3.250865979794137
4.334166823765472, 5.641488340318301
4.820178852873529, 4.130737493706878
5.364894307307953, 7.864146489514103
0.17644376456563884, 3.172569995469962

2.6283501637427404, 3.2608731700730935
4.343736501484397, 5.634744369602082
4.822330347310575, 4.13873447171678
5.3693312216830815, 7.870448867374776
0.18842908150501725, 3.182830105364442

2.6383604902492723, 3.2708669426330546
4.353188198037784, 5.62764410086575
4.824352591846249, 4.14638582239357
5.373760698826954, 7.876734422881541
0.20039569971256246, 3.1930894993637056

2.6483271880006622, 3.2808469424386515
4.362515652529962, 5.620165735486594
4.826238650622335, 4.153669245418336
5.378183005246439, 7.883003570192779
0.21234351091318365, 3.2033481743196073

2.6582494699633865, 3.2908127971832855
4.371712239598156, 5.61228604494335
4.827981203291573, 4.160561004381264
5.382598405274148, 7.889256729571684
0.22427240463175607, 3.2136061270974703

2.6681265052148087, 3.3007641158411984
4.380770962258618, 5.603980312458623
4.829572535911763, 4.167035868797738
5.387007160925563, 7.895494327167017
0.23618226811093473, 3.223863354577375

2.6779574147280676, 3.310700487067769
4.389684448478854, 5.59522228341617
4.831004535347468, 4.173067064972176
5.39140953174467, 7.901716794754539
0.24807298622366777, 3.234119853655569

2.6877412666563103, 3.3206214774314637
4.398444952701785, 5.585984128599674
4.832268688379696, 4.1786262397688825
5.395805774637286, 7.907924569434584
0.25994444137992395, 3.2443756212460166

2.697477071049847, 3.3305266294591567
4.40704436385296, 5.57623642546328
4.833356087026262, 4.183683442514797
5.400196143691053, 7.914118093280928
0.271796513427095, 3.2546306542821357

2.7071637739308625, 3.340415459474995
4.415474221739145, 5.565948164115173
4.83425744194979, 4.188207131732631
5.404580889981263, 7.920297812935991
0.28362907954348493, 3.2648849497187395

2.7168002506401883, 3.3502874552114283
4.423725744212167, 5.555086786555853
4.834963106293178, 4.192164215266389
5.4089602613616306, 7.926464179147199
0.2954420141242253, 3.275138504534239

2.726385298359596, 3.3601420731696585
4.43178986804774, 5.543618270065993
4.835463112855104, 4.195520134718184
5.413334502239395, 7.93261764623933
0.30723518865890176, 3.285391315733147

2.7359176277012223, 3.369978735705678
4.439657307199788, 5.531507268616195
4.835747228226885, 4.198239008097009
5.417703853334058, 7.938758671517633
0.3190084716000935, 3.2956433803489746

2.7453958532431075, 3.3797968278175925
4.4473186329701315, 5.518717329941275
4.835805028389405, 4.200283848355793
5.422068551419424, 7.944887714596751
0.3307617282219593, 3.3058946954475674

2.7548184828771802, 3.3895956936102585
4.454764381720086, 5.505211210699455
4.835626001355647, 4.201616880276931
5.426428829048678, 7.9510052366505946
0.34249482046792357, 3.316145258130995

2.764183905824049, 3.399374632414899
4.461985197095476, 5.490951318198118
4.835199683790672, 4.202199984235011
5.43078491426262, 7.957111699578922
0.3542076067864258, 3.326395065542092

2.7734903791589933, 3.4091328945449804
4.468972015401079, 5.475900314866004
4.8345158402106065, 4.20199530307221
5.43513703028135, 7.963207565086839
0.3658999419536323, 3.336644114869813

2.782736012687696, 3.4188696766759468
4.47571630482209, 5.460021931443659
4.833564695433427, 4.200966058122747
5.439485395180093, 7.969293293674273
0.377571676881918, 3.3468924033555454

2.791918752011824, 3.428584116846615
4.482210371745358, 5.443282047336643
4.832337233525785, 4.199077632905953
5.443830221550245, 7.975369343533408
0.38922265841287795, 3.3571399283005556

2.801036359638248, 3.4382752890957775
4.488447750601737, 5.425650112492198
4.830825579684719, 4.196298998933543
5.448171716147036, 7.981436169353162
0.4008527290935786, 3.3673866870748106

2.8100863940187097, 3.4479421977705087
4.494423697583191, 5.407101005506653
4.829023485464715, 4.192604578431987
5.452510079525645, 7.987494221031131
0.41246172693475985, 3.377632677127462

2.8190661864696103, 3.457583771575859
4.500135813471409, 5.387617448733861
4.826926942701119, 4.18797666484864
5.456845505667901, 7.993543942294529
0.4240494851497431, 3.387877895999194

2.8279728160293227, 3.4671988574819017
4.505584826883002, 5.367193134620998
4.824534957630646, 4.182408555463261
5.461178181602106, 7.999585769233219
0.4356158318729354, 3.3981223413368533

2.8368030824845545, 3.4767862146679933
4.51077557678151, 5.34583676054302
4.821850524368215, 4.1759085934535385
5.465508287018497, 8.005620128748687
0.44716058985705903, 3.4083660109106577

2.845553478068014, 3.4863445087700025
4.515718242493871, 5.323577224921122
4.818881846439876, 4.168505372233851
5.469835993883014, 8.011647436923703
0.45868357614865524, 3.4186089026343485

2.854220158738434, 3.4958723068104027
4.520429881152679, 5.300470309186582
4.815643866957138, 4.160254426577916
5.474161466051508, 8.017668097316925
0.4701846017420533, 3.4288510145886324

2.8627989165571974, 3.505368073338827
4.524936347031308, 5.27660726319675
4.812160182822704, 4.151246827931213
5.478484856768808, 8.023682499183957
0.481663469095897, 3.4390923450463835

2.8712851555467807, 3.5148301684984102
4.5292746853455474, 5.252125832651985
4.808465436784625, 4.141620222013304
5.482806296521353, 8.029691015575208
0.4931199599838733, 3.4493328924509576

2.8796738746475543, 3.5242568489650314
4.5334961156236515, 5.227224424697977
4.804608304063894, 4.131573004056223
5.48712591917394, 8.03569400139821
0.5045538616176162, 3.45957265544184

2.8879596630887416, 3.533646272984488
4.537669747739214, 5.2021803139224705
4.8006552187017135, 4.12138253246652
5.491443852231554, 8.041691791450258
0.5159649568953051, 3.469811632951067

2.896136715777962, 3.5429965110541883
4.541887208403903, 5.177373060944361
4.796695019927957, 4.111428550859236
5.495760213140756, 8.047684698262344
0.5273530207141767, 3.480049824246361

2.9041988792876476, 3.5523055641533605
4.546268398766234, 5.153314670499115
4.792844742151697, 4.1022233420150105
5.500075108839987, 8.05367300974165
0.5387178195942202, 3.490287228971249

2.9121397427088453, 3.5615713918079823
4.550968656336074, 5.130688482988551
4.789256825186824, 4.094450603036767
5.504388635233756, 8.059656986505775
0.5500591113467449, 3.50052384718289

2.9199527919248656, 3.570791952679272
4.556187658325356, 5.110399409639201
4.7861280856991915, 4.08901564577844
5.5087008765330205, 8.065636858724805
0.561376644819993, 3.510759679383872

2.9276316502728545, 3.579965260814799
4.562180479947255, 5.09363893543063
4.783710868152346, 4.087110339706111
5.5130119043675245, 8.07161282216719
0.572670159765421, 3.520994726543102

2.9351704320567684, 3.5890894613124655
4.569271310743109, 5.081969390159204
4.7823268848674605, 4.090297291082654
5.5173217765145175, 8.077585032940652
0.5839393868825637, 3.531228990100507

2.942564235867045, 3.5981629302132143
4.577870433590632, 5.077433410995096
4.78238436028725, 4.1006191791348465
5.52163053497945, 8.08355360006023
0.595184048117593, 3.5414624719515038

2.9498097983748948, 3.6071844055450595
4.588495181331313, 5.082696400618479
4.784399212067553, 4.1207410604501975
5.5259382029621955, 8.0895185743108
0.6064038573100639, 3.5516951744117558

2.9569063097569077, 3.6161531604479125
4.601795698856049, 5.101232269493294
4.789021125052348, 4.154135957095887
5.5302447798441925, 8.095479930575285
0.6175985213015525, 3.561927100174047

2.9638563487855243, 3.6250692356397565
4.618586446483875, 5.137566034561394
4.797065490367655, 4.205327361027843
5.534550232492938, 8.101437538099422
0.6287677416324383, 3.572158252291607

2.970666813880509, 3.6339337542823844
4.639884479651124, 5.197591202392676
4.809552267874154, 4.2802066893379545
5.5388544792669325, 8.107391107093447
0.6399112169439447, 3.5823886342618763

2.977349590865282, 3.6427493339744923
4.666955640385183, 5.2889856995261635
4.8277528567809656, 4.386449603368999
5.5431573583004585, 8.113340085094972
0.6510286461392749, 3.592618250346496

2.9839215183912033, 3.6515205523600494
4.701369932778794, 5.4217580765380475
4.853246019487793, 4.534063066742252
5.547458558049733, 8.119283435065283
0.6621197321777307, 3.6028471063418115

2.9904030958746426, 3.660254263704496
4.7450675737548496, 5.608966864896832
4.887983900182027, 4.736106080523596
5.5517574431426615, 8.125219094173646
0.6731841859792341, 3.6130752110727418

2.9968156301061764, 3.6689593337926656
4.800437461089915, 5.867671906622318
4.9343695495608975, 5.009643025457657
5.556052525487776, 8.13114239199291
0.6842217292059911, 3.6233025788099233

3.0031774714890322, 3.6776453712959816
4.8704094825727005, 6.2201990534144285
4.995348633321656, 5.377013176052769
5.560339323732902, 8.137040015610722
0.6952320937527379, 3.6335292323822452

3.0095011913174363, 3.6863207355995242
4.95855581212785, 6.6958260937777325
5.074521146223023, 5.86754553403956
5.564596587256987, 8.142855022672238
0.7062150153139792, 3.6437552057524765

3.0157933457738277, 3.69499105376184
5.069202258958274, 7.333143419528838
5.176297699439866, 6.520011609786858
5.568731631689053, 8.148353796210953
0.7171702200037875, 3.6539805435944803

3.028788455380611, 3.7215569918197837
4.898811665723386, 0.134153620309176
5.300855374765945, 7.349815720055327
5.274699326596444, 0.15376055962851254
0.7281017959972934, 3.664206384137722

9.916140952613205, 1.405023170169443
5.411846155703412, 0.2116762268815897
5.7089726745616645, 3.941364480968332
0.7685859939083457, 5.490554433315992
1.9441541894355687, 5.194784179070835

0.03781809378415346, 4.349882972892374
9.845611635045302, 4.287952997880964
1.0519635190721601, 3.3443413158965996
3.2301858216524124, 9.02075569005683
9.588054652780208, 3.3445068269159304

5.8851875541731715, 1.2770381066948175
8.764011721141742, 2.7100322910133627
3.4734305737074465, 2.636810734285973
7.872406700626016, 1.7867807894945145
9.384681607935939, 6.060665415954446

8.773665711283684, 0.04709339141845703
9.79303366011095, 9.38274199055786
5.338823157129809, 9.503886280814186
8.720907717943192, 3.5782432556152344
8.501150561986208, 6.2574935284854405

3.7876551300287247, 1.4788892269134521
2.5795576313469155, 0.42385986385170327
9.996561580104753, 3.8308797229547054
4.8837428241968155, 8.444804072380066
9.873478600316588, 8.425249829099869

7.166625417768955, 6.7711862325668335
8.624607061565484, 5.955260588868441
5.683070370228961, 5.0454517235048115
5.0143590942025185, 7.674543023109436
8.671827081545615, 5.841604091790089

8.564419031143188, 3.6984535455703735
0.1387881909031421, 2.5679369438439608
2.642655081115663, 4.2299671658547595
2.310089647769928, 4.481163382530212
0.9513840043218806, 1.8197472230531275

7.912931807339191, 5.393422245979309
6.981311367359012, 8.277464632643387
8.605071821250021, 5.350703535601497
9.152783386409283, 0.6504448652267456
2.1978102261200547, 0.21177760511636734

5.121829338371754, 6.170645594596863
0.3706597268464975, 6.258974537719041
4.9398705936037, 8.87471074424684
8.780359745025635, 9.972676992416382
5.433450787328184, 4.273847036063671

8.299621254205704, 4.966940760612488
1.2618392267613672, 4.026117399800569
7.2812529765069485, 8.2517051352188
2.8020115941762924, 0.3340822458267212
6.043747441843152, 0.7613280545920134

nan, nan
nan, nan
nan, nan
nan, nan
nan, nan

nan, nan
nan, nan
nan, nan
nan, nan
nan, nan

nan, nan
nan, nan
nan, nan
nan, nan
nan, nan

nan, nan
nan, nan
nan, nan
nan, nan
nan, nan

nan, nan
nan, nan
nan, nan
nan, nan
nan, nan

nan, nan
nan, nan
nan, nan
nan, nan
nan, nan

nan, nan
nan, nan
nan, nan
nan, nan
nan, nan

nan, nan
nan, nan
nan, nan
nan, nan
nan, nan

nan, nan
nan, nan
nan, nan
nan, nan
nan, nan

nan, nan
nan, nan
nan, nan
nan, nan
nan, nan

nan, nan
nan, nan
nan, nan
nan, nan
nan, nan

nan, nan
nan, nan
nan, nan
nan, nan
nan, nan

nan, nan
nan, nan
nan, nan
nan, nan
nan, nan

nan, nan
nan, nan
nan, nan
nan, nan
nan, nan

nan, nan
nan, nan
nan, nan
nan, nan
nan, nan

nan, nan
nan, nan
nan, nan
nan, nan
nan, nan

nan, nan
nan, nan
nan, nan
nan, nan
nan, nan

nan, nan
nan, nan
nan, nan
nan, nan
nan, nan

nan, nan
nan, nan
nan, nan
nan, nan
nan, nan

nan, nan
nan, nan
nan, nan
nan, nan
nan, nan

nan, nan
nan, nan
nan, nan
nan, nan
nan, nan

nan, nan
nan, nan
nan, nan
nan, nan
nan, nan

nan, nan
nan, nan
nan, nan
nan, nan
nan, nan

nan, nan
nan, nan
nan, nan
nan, nan
nan, nan

nan, nan
nan, nan
nan, nan
nan, nan
nan, nan

nan, nan
nan, nan
nan, nan
nan, nan
nan, nan

nan, nan
nan, nan
nan, nan
nan, nan
nan, nan

nan, nan
nan, nan
nan, nan
nan, nan
nan, nan

nan, nan
nan, nan
nan, nan
nan, nan
nan, nan

nan, nan
nan, nan
nan, nan
nan, nan
nan, nan

nan, nan
nan, nan
nan, nan
nan, nan
nan, nan

nan, nan
nan, nan
nan, nan
nan, nan
nan, nan

nan, nan
nan, nan
nan, nan
nan, nan
nan, nan

nan, nan
nan, nan
nan, nan
nan, nan
nan, nan

nan, nan
nan, nan
nan, nan
nan, nan
nan, nan

nan, nan
nan, nan
nan, nan
nan, nan
nan, nan

nan, nan
nan, nan
nan, nan
nan, nan
nan, nan

nan, nan
nan, nan
nan, nan
nan, nan
nan, nan

nan, nan
nan, nan
nan, nan
nan, nan
nan, nan

nan, nan
nan, nan
nan, nan
nan, nan
nan, nan

nan, nan
nan, nan
nan, nan
nan, nan
nan, nan

nan, nan
nan, nan
nan, nan
nan, nan
nan, nan

nan, nan
nan, nan
nan, nan
nan, nan
nan, nan

nan, nan
nan, nan
nan, nan
nan, nan
nan, nan

nan, nan
nan, nan
nan, nan
nan, nan
nan, nan

nan, nan
nan, nan
nan, nan
nan, nan
nan, nan

nan, nan
nan, nan
nan, nan
nan, nan
nan, nan

nan, nan
nan, nan
nan, nan
nan, nan
nan, nan

nan, nan
nan, nan
nan, nan
nan, nan
nan, nan

nan, nan
nan, nan
nan, nan
nan, nan
nan, nan

nan, nan
nan, nan
nan, nan
nan, nan
nan, nan

nan, nan
nan, nan
nan, nan
nan, nan
nan, nan

nan, nan
nan, nan
nan, nan
nan, nan
nan, nan

nan, nan
nan, nan
nan, nan
nan, nan
nan, nan

nan, nan
nan, nan
nan, nan
nan, nan
nan, nan

nan, nan
nan, nan
nan, nan
nan, nan
nan, nan

nan, nan
nan, nan
nan, nan
nan, nan
nan, nan

nan, nan
nan, nan
nan, nan
nan, nan
nan, nan

nan, nan
nan, nan
nan, nan
nan, nan
nan, nan

nan, nan
nan, nan
nan, nan
nan, nan
nan, nan

nan, nan
nan, nan
nan, nan
nan, nan
nan, nan

nan, nan
nan, nan
nan, nan
nan, nan
nan, nan

nan, nan
nan, nan
nan, nan
nan, nan
nan, nan

nan, nan
nan, nan
nan, nan
nan, nan
nan, nan

nan, nan
nan, nan
nan, nan
nan, nan
nan, nan

nan, nan
nan, nan
nan, nan
nan, nan
nan, nan

nan, nan
nan, nan
nan, nan
nan, nan
nan, nan

nan, nan
nan, nan
nan, nan
nan, nan
nan, nan

nan, nan
nan, nan
nan, nan
nan, nan
nan, nan

nan, nan
nan, nan
nan, nan
nan, nan
nan, nan

nan, nan
nan, nan
nan, nan
nan, nan
nan, nan

nan, nan
nan, nan
nan, nan
nan, nan
nan, nan

nan, nan
nan, nan
nan, nan
nan, nan
nan, nan

nan, nan
nan, nan
nan, nan
nan, nan
nan, nan

nan, nan
nan, nan
nan, nan
nan, nan
nan, nan

nan, nan
nan, nan
nan, nan
nan, nan
nan, nan

nan, nan
nan, nan
nan, nan
nan, nan
nan, nan

nan, nan
nan, nan
nan, nan
nan, nan
nan, nan

nan, nan
nan, nan
nan, nan
nan, nan
nan, nan

nan, nan
nan, nan
nan, nan
nan, nan
nan, nan

nan, nan
nan, nan
nan, nan
nan, nan
nan, nan

nan, nan
nan, nan
nan, nan
nan, nan
nan, nan

nan, nan
nan, nan
nan, nan
nan, nan
nan, nan

nan, nan
nan, nan
nan, nan
nan, nan
nan, nan

nan, nan
nan, nan
nan, nan
nan, nan
nan, nan

nan, nan
nan, nan
nan, nan
nan, nan
nan, nan

nan, nan
nan, nan
nan, nan
nan, nan
nan, nan

nan, nan
nan, nan
nan, nan
nan, nan
nan, nan

nan, nan
nan, nan
nan, nan
nan, nan
nan, nan

nan, nan
nan, nan
nan, nan
nan, nan
nan, nan

nan, nan
nan, nan
nan, nan
nan, nan
nan, nan

nan, nan
nan, nan
nan, nan
nan, nan
nan, nan

nan, nan
nan, nan
nan, nan
nan, nan
nan, nan

nan, nan
nan, nan
nan, nan
nan, nan
nan, nan

nan, nan
nan, nan
nan, nan
nan, nan
nan, nan

nan, nan
nan, nan
nan, nan
nan, nan
nan, nan

nan, nan
nan, nan
nan, nan
nan, nan
nan, nan

nan, nan
nan, nan
nan, nan
nan, nan
nan, nan

nan, nan
nan, nan
nan, nan
nan, nan
nan, nan

nan, nan
nan, nan
nan, nan
nan, nan
nan, nan

nan, nan
nan, nan
nan, nan
nan, nan
nan, nan

nan, nan
nan, nan
nan, nan
nan, nan
nan, nan

nan, nan
nan, nan
nan, nan
nan, nan
nan, nan

nan, nan
nan, nan
nan, nan
nan, nan
nan, nan

nan, nan
nan, nan
nan, nan
nan, nan
nan, nan

nan, nan
nan, nan
nan, nan
nan, nan
nan, nan

nan, nan
nan, nan
nan, nan
nan, nan
nan, nan

nan, nan
nan, nan
nan, nan
nan, nan
nan, nan

nan, nan
nan, nan
nan, nan
nan, nan
nan, nan

nan, nan
nan, nan
nan, nan
nan, nan
nan, nan

nan, nan
nan, nan
nan, nan
nan, nan
nan, nan

nan, nan
nan, nan
nan, nan
nan, nan
nan, nan

nan, nan
nan, nan
nan, nan
nan, nan
nan, nan

nan, nan
nan, nan
nan, nan
nan, nan
nan, nan

nan, nan
nan, nan
nan, nan
nan, nan
nan, nan

nan, nan
nan, nan
nan, nan
nan, nan
nan, nan

nan, nan
nan, nan
nan, nan
nan, nan
nan, nan

nan, nan
nan, nan
nan, nan
nan, nan
nan, nan

nan, nan
nan, nan
nan, nan
nan, nan
nan, nan

nan, nan
nan, nan
nan, nan
nan, nan
nan, nan

nan, nan
nan, nan
nan, nan
nan, nan
nan, nan

nan, nan
nan, nan
nan, nan
nan, nan
nan, nan

nan, nan
nan, nan
nan, nan
nan, nan
nan, nan

nan, nan
nan, nan
nan, nan
nan, nan
nan, nan

nan, nan
nan, nan
nan, nan
nan, nan
nan, nan

nan, nan
nan, nan
nan, nan
nan, nan
nan, nan

nan, nan
nan, nan
nan, nan
nan, nan
nan, nan

nan, nan
nan, nan
nan, nan
nan, nan
nan, nan

nan, nan
nan, nan
nan, nan
nan, nan
nan, nan

nan, nan
nan, nan
nan, nan
nan, nan
nan, nan

nan, nan
nan, nan
nan, nan
nan, nan
nan, nan

nan, nan
nan, nan
nan, nan
nan, nan
nan, nan

nan, nan
nan, nan
nan, nan
nan, nan
nan, nan

# Se han realizado 50000 iteraciones con h = 0.0002 y skip 100
# Tiempo de ejecucin: 37.192791223526